 2.08776 -1.42893 -1.85924 -2.99502 -2.62463 0.785399
 2.10665 -1.44509 -1.85796 -2.95748 -2.61871 0.806273
 2.12555 -1.46125 -1.85668 -2.91994 -2.61278 0.827148
 2.14444 -1.47741  -1.8554  -2.8824 -2.60685 0.848022
 2.16334 -1.49357 -1.85413 -2.84485 -2.60093 0.868897
 2.18223 -1.50973 -1.85285 -2.80731   -2.595 0.889771
 2.20113 -1.52589 -1.85157 -2.76977 -2.58907 0.910646
 2.22002 -1.54205 -1.85029 -2.73223 -2.58315  0.93152
 2.23892 -1.55821 -1.84902 -2.69469 -2.57722 0.952395
 2.25781 -1.57437 -1.84774 -2.65715  -2.5713 0.973269
 2.27671 -1.59053 -1.84646 -2.61961 -2.56537 0.994144
  2.2956 -1.60669 -1.84518 -2.58207 -2.55944  1.01502
  2.3145 -1.62285 -1.84391 -2.54453 -2.55352  1.03589
 2.33339 -1.63901 -1.84263 -2.50698 -2.54759  1.05677
 2.35229 -1.65517 -1.84135 -2.46944 -2.54166  1.07764
 2.37118 -1.67133 -1.84007  -2.4319 -2.53574  1.09852
 2.39008 -1.68749  -1.8388 -2.39436 -2.52981  1.11939
 2.40897 -1.70365 -1.83752 -2.35682 -2.52388  1.14027
 2.42787 -1.71981 -1.83624 -2.31928 -2.51796  1.16114
 2.44676 -1.73597 -1.83496 -2.28174 -2.51203  1.18201
 2.46566 -1.75213 -1.83369  -2.2442  -2.5061  1.20289
 2.48455 -1.76829 -1.83241 -2.20666 -2.50018  1.22376
 2.50345 -1.78445 -1.83113 -2.16912 -2.49425  1.24464
 2.52234 -1.80061 -1.82985 -2.13157 -2.48833  1.26551
 2.54124 -1.81677 -1.82858 -2.09403  -2.4824  1.28639
 2.56013 -1.83293  -1.8273 -2.05649 -2.47647  1.30726
 2.57903 -1.84909 -1.82602 -2.01895 -2.47055  1.32814
 2.59792 -1.86525 -1.82474 -1.98141 -2.46462  1.34901
 2.61682 -1.88141 -1.82347 -1.94387 -2.45869  1.36988
 2.63571 -1.89757 -1.82219 -1.90633 -2.45277  1.39076
 2.65461 -1.91373 -1.82091 -1.86879 -2.44684  1.41163
  2.6735 -1.92989 -1.81963 -1.83125 -2.44091  1.43251
  2.6924 -1.94605 -1.81836  -1.7937 -2.43499  1.45338
 2.71129 -1.96221 -1.81708 -1.75616 -2.42906  1.47426
 2.73019 -1.97837  -1.8158 -1.71862 -2.42313  1.49513
 2.74908 -1.99453 -1.81452 -1.68108 -2.41721  1.51601
 2.76798 -2.01069 -1.81324 -1.64354 -2.41128  1.53688
 2.78687 -2.02685 -1.81197   -1.606 -2.40536  1.55776
 2.79653 -2.03511 -1.81131  -1.5868 -2.40232  1.56843
 2.80298 -2.04288 -1.79375  -1.6186  -2.3784  1.54593
 2.80942 -2.05065 -1.77618  -1.6504 -2.35448  1.52343
 2.81586 -2.05841 -1.75861 -1.68219 -2.33056  1.50093
 2.82231 -2.06618 -1.74104 -1.71399 -2.30664  1.47842
 2.82875 -2.07394 -1.72347 -1.74579 -2.28272  1.45592
 2.83519 -2.08171 -1.70591 -1.77758  -2.2588  1.43342
 2.84163 -2.08948 -1.68834 -1.80938 -2.23488  1.41092
 2.84808 -2.09724 -1.67077 -1.84118 -2.21096  1.38842
 2.85452 -2.10501  -1.6532 -1.87298 -2.18704  1.36592
 2.86096 -2.11277 -1.63563 -1.90477 -2.16312  1.34342
  2.8674 -2.12054 -1.61807 -1.93657  -2.1392  1.32091
 2.87385 -2.12831  -1.6005 -1.96837 -2.11528  1.29841
 2.88029 -2.13607 -1.58293 -2.00016 -2.09136  1.27591
 2.88673 -2.14384 -1.56536 -2.03196 -2.06744  1.25341
 2.89317  -2.1516 -1.54779 -2.06376 -2.04352  1.23091
 2.89962 -2.15937 -1.53022 -2.09556  -2.0196  1.20841
 2.90606 -2.16714 -1.51266 -2.12735 -1.99568  1.18591
  2.9125  -2.1749 -1.49509 -2.15915 -1.97176  1.16341
 2.91895 -2.18267 -1.47752 -2.19095 -1.94784   1.1409
 2.92539 -2.19043 -1.45995 -2.22274 -1.92392   1.1184
 2.93183  -2.1982 -1.44238 -2.25454     -1.9   1.0959
 2.93827 -2.20597 -1.42482 -2.28634 -1.87608   1.0734
 2.94472 -2.21373 -1.40725 -2.31813 -1.85216   1.0509
 2.95116  -2.2215 -1.38968 -2.34993 -1.82824   1.0284
  2.9576 -2.22926 -1.37211 -2.38173 -1.80432   1.0059
 2.96104 -2.23341 -1.36274  -2.3987 -1.79156 0.993888
 2.97081 -2.22911  -1.3562 -2.43592 -1.77162 0.970214
 2.98057 -2.22481 -1.34966 -2.47315 -1.75169 0.946541
 2.99034 -2.22051 -1.34313 -2.51037 -1.73176 0.922867
  3.0001  -2.2162 -1.33659  -2.5476 -1.71183 0.899193
 3.00987  -2.2119 -1.33006 -2.58482  -1.6919 0.875519
 3.01963  -2.2076 -1.32352 -2.62205 -1.67197 0.851845
  3.0294  -2.2033 -1.31698 -2.65927 -1.65204 0.828171
 3.03713  -2.1999 -1.31181 -2.68872 -1.63627 0.809444
 3.04081 -2.20605 -1.31516 -2.73095 -1.65696 0.794415
