 2.08776 -1.42893 -1.85924 -2.99502 -2.62463 0.785399
 2.10669 -1.44724 -1.85782    -2.96 -2.61278 0.806311
 2.12562 -1.46554 -1.85641 -2.92497 -2.60092 0.827223
 2.14455 -1.48385 -1.85499 -2.88995 -2.58907 0.848136
 2.16348 -1.50216 -1.85358 -2.85493 -2.57721 0.869048
 2.18241 -1.52047 -1.85216 -2.81991 -2.56536  0.88996
 2.20134 -1.53878 -1.85075 -2.78488  -2.5535 0.910873
 2.22027 -1.55708 -1.84933 -2.74986 -2.54165 0.931785
  2.2392 -1.57539 -1.84791 -2.71484 -2.52979 0.952697
 2.25813  -1.5937  -1.8465 -2.67982 -2.51794  0.97361
 2.27706 -1.61201 -1.84508 -2.64479 -2.50608 0.994522
 2.29599 -1.63031 -1.84367 -2.60977 -2.49423  1.01543
 2.31492 -1.64862 -1.84225 -2.57475 -2.48237  1.03635
 2.33385 -1.66693 -1.84084 -2.53972 -2.47052  1.05726
 2.35278 -1.68524 -1.83942  -2.5047 -2.45866  1.07817
 2.37171 -1.70355 -1.83801 -2.46968  -2.4468  1.09908
 2.39064 -1.72185 -1.83659 -2.43466 -2.43495     1.12
 2.40957 -1.74016 -1.83518 -2.39963 -2.42309  1.14091
 2.42851 -1.75847 -1.83376 -2.36461 -2.41124  1.16182
 2.44744 -1.77678 -1.83235 -2.32959 -2.39938  1.18273
 2.46637 -1.79508 -1.83093 -2.29457 -2.38753  1.20365
  2.4853 -1.81339 -1.82951 -2.25954 -2.37567  1.22456
 2.50423  -1.8317  -1.8281 -2.22452 -2.36382  1.24547
 2.52316 -1.85001 -1.82668  -2.1895 -2.35196  1.26638
 2.54209 -1.86831 -1.82527 -2.15448 -2.34011  1.28729
 2.56102 -1.88662 -1.82385 -2.11945 -2.32825  1.30821
 2.57995 -1.90493 -1.82244 -2.08443  -2.3164  1.32912
 2.59888 -1.92324 -1.82102 -2.04941 -2.30454  1.35003
 2.61781 -1.94155 -1.81961 -2.01438 -2.29269  1.37094
 2.63674 -1.95985 -1.81819 -1.97936 -2.28083  1.39186
 2.65567 -1.97816 -1.81678 -1.94434 -2.26898  1.41277
  2.6746 -1.99647 -1.81536 -1.90932 -2.25712  1.43368
 2.69353 -2.01478 -1.81395 -1.87429 -2.24527  1.45459
 2.71246 -2.03308 -1.81253 -1.83927 -2.23341  1.47551
 2.73139 -2.05139 -1.81111 -1.80425 -2.22156  1.49642
 2.75032  -2.0697  -1.8097 -1.76923  -2.2097  1.51733
 2.76926 -2.08801 -1.80828  -1.7342 -2.19784  1.53824
 2.78819 -2.10632 -1.80687 -1.69918 -2.18599  1.55915
 2.80712 -2.12462 -1.80545 -1.66416 -2.17413  1.58007
 2.82605 -2.14293 -1.80404 -1.62914 -2.16228  1.60098
 2.83088  -2.1476 -1.80368  -1.6202 -2.15925  1.60631
  2.8376 -2.14957 -1.78826  -1.6562 -2.14373   1.5803
 2.84432 -2.15154 -1.77285  -1.6922 -2.12821  1.55429
 2.85104 -2.15351 -1.75743 -1.72819 -2.11269  1.52828
 2.85776 -2.15548 -1.74202 -1.76419 -2.09717  1.50227
 2.86448 -2.15744  -1.7266 -1.80019 -2.08164  1.47626
 2.87121 -2.15941 -1.71118 -1.83619 -2.06612  1.45025
 2.87793 -2.16138 -1.69577 -1.87218  -2.0506  1.42424
 2.88465 -2.16335 -1.68035 -1.90818 -2.03508  1.39823
 2.89137 -2.16532 -1.66494 -1.94418 -2.01956  1.37221
 2.89809 -2.16729 -1.64952 -1.98018 -2.00403   1.3462
 2.90481 -2.16926 -1.63411 -2.01617 -1.98851  1.32019
 2.91154 -2.17123 -1.61869 -2.05217 -1.97299  1.29418
 2.91826 -2.17319 -1.60328 -2.08817 -1.95747  1.26817
 2.92498 -2.17516 -1.58786 -2.12416 -1.94195  1.24216
  2.9317 -2.17713 -1.57245 -2.16016 -1.92642  1.21615
 2.93842  -2.1791 -1.55703 -2.19616  -1.9109  1.19014
 2.94514 -2.18107 -1.54162 -2.23216 -1.89538  1.16413
 2.95187 -2.18304  -1.5262 -2.26815 -1.87986  1.13812
 2.95859 -2.18501 -1.51078 -2.30415 -1.86434   1.1121
 2.96531 -2.18697 -1.49537 -2.34015 -1.84881  1.08609
 2.97203 -2.18894 -1.47995 -2.37615 -1.83329  1.06008
 2.97875 -2.19091 -1.46454 -2.41214 -1.81777  1.03407
 2.98547 -2.19288 -1.44912 -2.44814 -1.80225  1.00806
  2.9922 -2.19485 -1.43371 -2.48414 -1.78673  0.98205
 2.99892 -2.19682 -1.41829 -2.52013  -1.7712 0.956039
 3.00564 -2.19879 -1.40288 -2.55613 -1.75568 0.930028
 3.01236 -2.20076 -1.38746 -2.59213 -1.74016 0.904017
 3.01908 -2.20272 -1.37205 -2.62813 -1.72464 0.878006
  3.0258 -2.20469 -1.35663 -2.66412 -1.70912 0.851995
 3.03253 -2.20666 -1.34122 -2.70012 -1.69359 0.825984
 3.03925 -2.20863  -1.3258 -2.73612 -1.67807 0.799973
