-1.69642 -1.51015  2.20146  2.45029 0.125621  -2.3562
-1.66653 -1.48932   2.1815  2.43818 0.120709 -2.33164
-1.63664 -1.46848  2.16154  2.42607 0.115797 -2.30708
-1.60674 -1.44764  2.14158  2.41396 0.110885 -2.28252
-1.57685 -1.42681  2.12162  2.40185 0.105972 -2.25796
-1.54696 -1.40597  2.10166  2.38973  0.10106  -2.2334
 -1.51707  -1.38514    2.0817   2.37762 0.0961482  -2.20884
 -1.48718   -1.3643   2.06174   2.36551 0.0912361  -2.18428
-1.45729 -1.34346  2.04178   2.3534 0.086324 -2.15972
  -1.4274  -1.32263   2.02182   2.34129 0.0814119  -2.13516
 -1.39751  -1.30179   2.00186   2.32918 0.0764998   -2.1106
 -1.36762  -1.28095    1.9819   2.31707 0.0715877  -2.08604
 -1.33773  -1.26012   1.96194   2.30496 0.0666756  -2.06148
 -1.30784  -1.23928   1.94198   2.29285 0.0617635  -2.03692
 -1.27795  -1.21845   1.92202   2.28073 0.0568513  -2.01236
 -1.24806  -1.19761   1.90206   2.26862 0.0519392   -1.9878
 -1.21816  -1.17677    1.8821   2.25651 0.0470271  -1.96324
-1.18827 -1.15594  1.86214   2.2444 0.042115 -1.93868
 -1.15838   -1.1351   1.84218   2.23229 0.0372029  -1.91412
 -1.12849  -1.11427   1.82222   2.22018 0.0322908  -1.88956
  -1.0986  -1.09343   1.80226   2.20807 0.0273787    -1.865
 -1.06871  -1.07259   1.78231   2.19596 0.0224666  -1.84044
 -1.03882  -1.05176   1.76235   2.18384 0.0175544  -1.81588
 -1.00893  -1.03092   1.74239   2.17173 0.0126423  -1.79132
 -0.979039   -1.01009    1.72243    2.15962 0.00773022   -1.76676
 -0.949148   -0.98925    1.70247    2.14751 0.00281811    -1.7422
  -0.919257   -0.968414     1.68251      2.1354 -0.00209401    -1.71764
  -0.889366   -0.947578     1.66255     2.12329 -0.00700612    -1.69308
 -0.859475  -0.926742    1.64259    2.11118 -0.0119182   -1.66852
 -0.829585  -0.905906    1.62263    2.09907 -0.0168303   -1.64396
 -0.799694   -0.88507    1.60267    2.08695 -0.0217425    -1.6194
 -0.769803  -0.864234    1.58271    2.07484 -0.0266546   -1.59484
 -0.739912  -0.843398    1.56275    2.06273 -0.0315667   -1.57028
 -0.710022  -0.822562    1.54279    2.05062 -0.0364788   -1.54572
 -0.680131  -0.801726    1.52283    2.03851 -0.0413909   -1.52116
 -0.65024  -0.78089   1.50287    2.0264 -0.046303   -1.4966
 -0.620349  -0.760054    1.48291    2.01429 -0.0512151   -1.47204
 -0.590459  -0.739218    1.46295    2.00218 -0.0561272   -1.44748
 -0.560568  -0.718382    1.44299    1.99007 -0.0610394   -1.42292
 -0.530677  -0.697546    1.42303    1.97795 -0.0659515   -1.39836
 -0.500786   -0.67671    1.40307    1.96584 -0.0708636    -1.3738
 -0.470895  -0.655874    1.38311    1.95373 -0.0757757   -1.34924
 -0.441005  -0.635038    1.36315    1.94162 -0.0806878   -1.32468
 -0.411114  -0.614202    1.34319    1.92951 -0.0855999   -1.30012
-0.381223 -0.593366   1.32323    1.9174 -0.090512  -1.27556
 -0.351332   -0.57253    1.30327    1.90529 -0.0954241     -1.251
-0.321442 -0.551694   1.28331   1.89318 -0.100336  -1.22644
-0.301651 -0.537898    1.2701   1.88516 -0.103589  -1.21017
-0.322803 -0.533808   1.26302   1.88637 -0.116453  -1.25282
-0.343955 -0.529718   1.25595   1.88757 -0.129318  -1.29547
-0.365107 -0.525628   1.24888   1.88878 -0.142182  -1.33812
-0.386259 -0.521537    1.2418   1.88999 -0.155047  -1.38077
-0.407411 -0.517447   1.23473    1.8912 -0.167911  -1.42342
-0.428563 -0.513357   1.22766   1.89241 -0.180776  -1.46606
-0.449715 -0.509267   1.22058   1.89361  -0.19364  -1.50871
-0.470867 -0.505176   1.21351   1.89482 -0.206504  -1.55136
-0.492019 -0.501086   1.20644   1.89603 -0.219369  -1.59401
-0.513171 -0.496996   1.19937   1.89724 -0.232233  -1.63666
-0.534323 -0.492906   1.19229   1.89845 -0.245098  -1.67931
-0.555475 -0.488815   1.18522   1.89965 -0.257962  -1.72195
-0.576627 -0.484725   1.17815   1.90086 -0.270827   -1.7646
-0.597779 -0.480635   1.17107   1.90207 -0.283691  -1.80725
-0.604752 -0.479287   1.16874   1.90247 -0.287932  -1.82131
-0.598077 -0.488234   1.18001   1.92368 -0.323632   -1.8442
-0.591401 -0.497181   1.19127   1.94488 -0.359333   -1.8671
-0.584726 -0.506128   1.20254   1.96609 -0.395033  -1.88999
-0.578051 -0.515075    1.2138    1.9873 -0.430733  -1.91289
-0.571376 -0.524022   1.22507   2.00851 -0.466434  -1.93578
  -0.5647 -0.532969   1.23634   2.02972 -0.502134  -1.95868
-0.558025 -0.541916    1.2476   2.05093 -0.537834  -1.98157
 -0.55135 -0.550863   1.25887   2.07214 -0.573535  -2.00447
-0.544675  -0.55981   1.27013   2.09334 -0.609235  -2.02736
-0.537999 -0.568757    1.2814   2.11455 -0.644935  -2.05025
-0.531324 -0.577704   1.29267   2.13576 -0.680635  -2.07315
-0.524649 -0.586651   1.30393   2.15697 -0.716336  -2.09604
-0.517974 -0.595598    1.3152   2.17818 -0.752036  -2.11894
-0.511298 -0.604545   1.32646   2.19939 -0.787736  -2.14183
-0.504623 -0.613492   1.33773    2.2206 -0.823437  -2.16473
-0.497948 -0.622439   1.34899   2.24181 -0.859137  -2.18762
-0.491273 -0.631386   1.36026   2.26301 -0.894837  -2.21052
-0.484598 -0.640333   1.37153   2.28422 -0.930538  -2.23341
-0.477922  -0.64928   1.38279   2.30543 -0.966238   -2.2563
-0.471247 -0.658227   1.39406   2.32664  -1.00194   -2.2792
-0.464572 -0.667174   1.40532   2.34785  -1.03764  -2.30209
-0.457897 -0.676121   1.41659   2.36906  -1.07334  -2.32499
-0.451221 -0.685068   1.42785   2.39027  -1.10904  -2.34788
