-1.69642 -1.51015  2.20146  2.45029 0.125621  -2.3562
 -1.65819  -1.49444   2.19158   2.45018 0.0994527  -2.35929
 -1.61997  -1.47873   2.18169   2.45007 0.0732846  -2.36238
 -1.58174  -1.46302   2.17181   2.44996 0.0471164  -2.36547
 -1.54352  -1.44731   2.16192   2.44984 0.0209482  -2.36855
   -1.50529     -1.4316     2.15204     2.44973 -0.00521995    -2.37164
  -1.46707   -1.41589    2.14215    2.44962 -0.0313881   -2.37473
  -1.42884   -1.40018    2.13227    2.44951 -0.0575563   -2.37782
  -1.39062   -1.38447    2.12238     2.4494 -0.0837245   -2.38091
 -1.35239  -1.36876    2.1125   2.44928 -0.109893    -2.384
 -1.31417  -1.35305   2.10261   2.44917 -0.136061  -2.38709
 -1.27594  -1.33734   2.09273   2.44906 -0.162229  -2.39017
 -1.23772  -1.32163   2.08284   2.44895 -0.188397  -2.39326
 -1.19949  -1.30592   2.07296   2.44884 -0.214565  -2.39635
 -1.16127   -1.2902   2.06307   2.44873 -0.240734  -2.39944
 -1.12304  -1.27449   2.05319   2.44861 -0.266902  -2.40253
-1.08482 -1.25878  2.04331   2.4485 -0.29307 -2.40562
 -1.04659  -1.24307   2.03342   2.44839 -0.319238   -2.4087
 -1.00837  -1.22736   2.02354   2.44828 -0.345406  -2.41179
-0.970142  -1.21165   2.01365   2.44817 -0.371574  -2.41488
-0.931917  -1.19594   2.00377   2.44806 -0.397743  -2.41797
-0.893692  -1.18023   1.99388   2.44794 -0.423911  -2.42106
-0.855467  -1.16452     1.984   2.44783 -0.450079  -2.42415
-0.817242  -1.14881   1.97411   2.44772 -0.476247  -2.42723
-0.779017   -1.1331   1.96423   2.44761 -0.502415  -2.43032
-0.740792  -1.11739   1.95434    2.4475 -0.528583  -2.43341
-0.702567  -1.10168   1.94446   2.44739 -0.554752   -2.4365
-0.664342 -1.08597  1.93457  2.44727 -0.58092 -2.43959
-0.626117  -1.07026   1.92469   2.44716 -0.607088  -2.44268
-0.587892  -1.05455    1.9148   2.44705 -0.633256  -2.44577
-0.549667  -1.03884   1.90492   2.44694 -0.659424  -2.44885
-0.511442  -1.02313   1.89504   2.44683 -0.685592  -2.45194
-0.473217  -1.00742   1.88515   2.44672 -0.711761  -2.45503
-0.434992 -0.991706   1.87527    2.4466 -0.737929  -2.45812
-0.396767 -0.975996   1.86538   2.44649 -0.764097  -2.46121
-0.358542 -0.960285    1.8555   2.44638 -0.790265   -2.4643
-0.320317 -0.944575   1.84561   2.44627 -0.816433  -2.46738
-0.282092 -0.928864   1.83573   2.44616 -0.842602  -2.47047
-0.243867 -0.913154   1.82584   2.44605  -0.86877  -2.47356
-0.205642 -0.897443   1.81596   2.44593 -0.894938  -2.47665
-0.167417 -0.881733   1.80607   2.44582 -0.921106  -2.47974
-0.129192 -0.866022   1.79619   2.44571 -0.947274  -2.48283
-0.0909673 -0.850312    1.7863    2.4456 -0.973442  -2.48592
-0.0527423 -0.834601   1.77642   2.44549 -0.999611    -2.489
-0.0145173 -0.818891   1.76653   2.44537  -1.02578  -2.49209
0.0237077 -0.80318  1.75665  2.44526 -1.05195 -2.49518
0.0619327 -0.78747  1.74677  2.44515 -1.07812 -2.49827
0.0628205 -0.787105   1.74654   2.44515  -1.07872  -2.49834
0.0221073 -0.779244    1.7215   2.44139  -1.08217  -2.48703
-0.0186059 -0.771382   1.69647   2.43764  -1.08561  -2.47572
-0.0593191 -0.763521   1.67143   2.43388  -1.08905  -2.46441
-0.100032 -0.755659    1.6464   2.43013   -1.0925  -2.45309
-0.140746 -0.747798   1.62136   2.42637  -1.09594  -2.44178
-0.181459 -0.739936   1.59633   2.42262  -1.09939  -2.43047
-0.222172 -0.732075    1.5713   2.41886  -1.10283  -2.41916
-0.262885 -0.724214   1.54626   2.41511  -1.10627  -2.40785
-0.303598 -0.716352   1.52123   2.41135  -1.10972  -2.39654
-0.344312 -0.708491   1.49619    2.4076  -1.11316  -2.38522
-0.385025 -0.700629   1.47116   2.40385   -1.1166  -2.37391
-0.425738 -0.692768   1.44612   2.40009  -1.12005   -2.3626
