 2.08776 -1.42893 -1.85924 -2.99502 -2.62463 0.785399
 2.11726 -1.45099 -1.84416 -2.98024 -2.59968 0.794031
 2.14676 -1.47305 -1.82908 -2.96546 -2.57473 0.802663
 2.17626 -1.49512   -1.814 -2.95068 -2.54978 0.811295
 2.20576 -1.51718 -1.79892 -2.93589 -2.52483 0.819927
 2.23527 -1.53924 -1.78384 -2.92111 -2.49988 0.828559
 2.26477 -1.56131 -1.76876 -2.90633 -2.47494 0.837191
 2.29427 -1.58337 -1.75368 -2.89155 -2.44999 0.845823
 2.32377 -1.60543  -1.7386 -2.87677 -2.42504 0.854455
 2.35327 -1.62749 -1.72352 -2.86199 -2.40009 0.863088
 2.38277 -1.64956 -1.70844 -2.84721 -2.37514  0.87172
 2.41228 -1.67162 -1.69336 -2.83243 -2.35019 0.880352
 2.44178 -1.69368 -1.67828 -2.81765 -2.32524 0.888984
 2.47128 -1.71574  -1.6632 -2.80286 -2.30029 0.897616
 2.50078 -1.73781 -1.64812 -2.78808 -2.27534 0.906248
 2.53028 -1.75987 -1.63304  -2.7733 -2.25039  0.91488
 2.55979 -1.78193 -1.61796 -2.75852 -2.22544 0.923512
 2.58929 -1.80399 -1.60288 -2.74374 -2.20049 0.932144
 2.61879 -1.82606  -1.5878 -2.72896 -2.17554 0.940776
 2.64829 -1.84812 -1.57272 -2.71418 -2.15059 0.949409
 2.67779 -1.87018 -1.55764  -2.6994 -2.12564 0.958041
 2.70729 -1.89225 -1.54256 -2.68462 -2.10069 0.966673
  2.7368 -1.91431 -1.52748 -2.66983 -2.07574 0.975305
  2.7663 -1.93637  -1.5124 -2.65505 -2.05079 0.983937
  2.7958 -1.95843 -1.49732 -2.64027 -2.02584 0.992569
 2.81895 -1.97574 -1.48549 -2.62867 -2.00627 0.999342
 2.85062 -1.98875 -1.51293 -2.64657 -1.99346  1.00887
 2.86962 -1.99655 -1.52939 -2.65731 -1.98578  1.01458
 2.88592 -2.01659 -1.50944 -2.66661 -1.95604  0.99304
 2.90222 -2.03663  -1.4895 -2.67592  -1.9263 0.971499
 2.91852 -2.05666 -1.46955 -2.68522 -1.89656 0.949958
 2.93481  -2.0767  -1.4496 -2.69452 -1.86682 0.928417
 2.95111 -2.09674 -1.42965 -2.70383 -1.83708 0.906875
 2.96741 -2.11678 -1.40971 -2.71313 -1.80734 0.885334
  2.9837 -2.13681 -1.38976 -2.72243  -1.7776 0.863793
       3 -2.15685 -1.36981 -2.73174 -1.74786 0.842251
  3.0163 -2.17689 -1.34986 -2.74104 -1.71813  0.82071
  3.0326 -2.19692 -1.32991 -2.75034 -1.68839 0.799169
