-1.69642 -1.51015  2.20146  2.45029 0.125621  -2.3562
 -1.6712 -1.50004  2.18804  2.45104 0.113755 -2.31825
-1.64599 -1.48992  2.17462  2.45178  0.10189 -2.28029
 -1.62078  -1.47981    2.1612   2.45253 0.0900246  -2.24234
 -1.59556  -1.46969   2.14778   2.45327 0.0781592  -2.20438
 -1.57035  -1.45958   2.13436   2.45402 0.0662938  -2.16643
 -1.54514  -1.44946   2.12093   2.45476 0.0544284  -2.12848
 -1.51992  -1.43935   2.10751   2.45551 0.0425629  -2.09052
 -1.49471  -1.42924   2.09409   2.45626 0.0306975  -2.05257
  -1.4695  -1.41912   2.08067     2.457 0.0188321  -2.01461
  -1.44428   -1.40901    2.06725    2.45775 0.00696668   -1.97666
   -1.41907    -1.39889     2.05383     2.45849 -0.00489875     -1.9387
  -1.39386   -1.38878    2.04041    2.45924 -0.0167642   -1.90075
  -1.36864   -1.37866    2.02699    2.45998 -0.0286296    -1.8628
 -1.34343  -1.36855   2.01357   2.46073 -0.040495  -1.82484
  -1.31822   -1.35844    2.00014    2.46147 -0.0523604   -1.78689
  -1.29301   -1.34832    1.98672    2.46222 -0.0642259   -1.74893
  -1.26779   -1.33821     1.9733    2.46297 -0.0760913   -1.71098
  -1.24258   -1.32809    1.95988    2.46371 -0.0879567   -1.67303
  -1.21737   -1.31798    1.94646    2.46446 -0.0998221   -1.63507
 -1.19215  -1.30786   1.93304    2.4652 -0.111688  -1.59712
 -1.16694  -1.29775   1.91962   2.46595 -0.123553  -1.55916
 -1.14173  -1.28763    1.9062   2.46669 -0.135418  -1.52121
 -1.11651  -1.27752   1.89278   2.46744 -0.147284  -1.48325
  -1.0913  -1.26741   1.87936   2.46818 -0.159149   -1.4453
 -1.06609  -1.25729   1.86593   2.46893 -0.171015  -1.40735
-1.04087 -1.24718  1.85251  2.46968 -0.18288 -1.36939
 -1.01566  -1.23706   1.83909   2.47042 -0.194746  -1.33144
-0.990446  -1.22695   1.82567   2.47117 -0.206611  -1.29348
-0.965233  -1.21683   1.81225   2.47191 -0.218476  -1.25553
 -0.94002  -1.20672   1.79883   2.47266 -0.230342  -1.21757
-0.914806   -1.1966   1.78541    2.4734 -0.242207  -1.17962
-0.889593  -1.18649   1.77199   2.47415 -0.254073  -1.14167
 -0.86438  -1.17638   1.75857    2.4749 -0.265938  -1.10371
-0.839167  -1.16626   1.74515   2.47564 -0.277803  -1.06576
-0.813953  -1.15615   1.73172   2.47639 -0.289669   -1.0278
 -0.78874  -1.14603    1.7183   2.47713 -0.301534 -0.989849
-0.763527  -1.13592   1.70488   2.47788   -0.3134 -0.951895
-0.738314   -1.1258   1.69146   2.47862 -0.325265 -0.913941
  -0.7131  -1.11569   1.67804   2.47937 -0.337131 -0.875986
-0.687887  -1.10558   1.66462   2.48011 -0.348996 -0.838032
-0.662674  -1.09546    1.6512   2.48086 -0.360861 -0.800078
-0.637461  -1.08535   1.63778   2.48161 -0.372727 -0.762124
-0.612247  -1.07523   1.62436   2.48235 -0.384592  -0.72417
-0.587034  -1.06512   1.61094    2.4831 -0.396458 -0.686215
-0.561821    -1.055   1.59751   2.48384 -0.408323 -0.648261
-0.536607  -1.04489   1.58409   2.48459 -0.420189 -0.610307
-0.511394  -1.03477   1.57067   2.48533 -0.432054 -0.572353
-0.486181  -1.02466   1.55725   2.48608 -0.443919 -0.534398
-0.460968  -1.01455   1.54383   2.48682 -0.455785 -0.496444
-0.435754 -1.00443  1.53041  2.48757 -0.46765 -0.45849
-0.410541 -0.994317   1.51699   2.48832 -0.479516 -0.420536
-0.385328 -0.984203   1.50357   2.48906 -0.491381 -0.382582
-0.360115 -0.974088   1.49015   2.48981 -0.503247 -0.344627
-0.334901 -0.963974   1.47673   2.49055 -0.515112 -0.306673
-0.309688 -0.953859    1.4633    2.4913 -0.526977 -0.268719
-0.284475 -0.943745   1.44988   2.49204 -0.538843 -0.230765
-0.259262 -0.933631   1.43646   2.49279 -0.550708  -0.19281
-0.234048 -0.923516   1.42304   2.49354 -0.562574 -0.154856
-0.208835 -0.913402   1.40962   2.49428 -0.574439 -0.116902
 -0.183622  -0.903287     1.3962    2.49503  -0.586305 -0.0789478
 -0.158409  -0.893173    1.38278    2.49577   -0.59817 -0.0409936
  -0.133195   -0.883059     1.36936     2.49652   -0.610035 -0.00303936
-0.107982 -0.872944   1.35594   2.49726 -0.621901 0.0349149
-0.0827689  -0.86283   1.34251   2.49801 -0.633766 0.0728691
-0.0575557 -0.852715   1.32909   2.49875 -0.645632  0.110823
-0.0323424 -0.842601   1.31567    2.4995 -0.657497  0.148778
-0.00712916 -0.832487   1.30225   2.50025 -0.669362  0.186732
0.0180841 -0.822372   1.28883   2.50099 -0.681228  0.224686
0.0432974 -0.812258   1.27541   2.50174 -0.693093   0.26264
0.0685106 -0.802143   1.26199   2.50248 -0.704959  0.300594
0.0937239 -0.792029   1.24857   2.50323 -0.716824  0.338549
 0.118937 -0.781915   1.23515   2.50397  -0.72869  0.376503
  0.14415   -0.7718   1.22173   2.50472 -0.740555  0.414457
 0.169364 -0.761686    1.2083   2.50546  -0.75242  0.452411
 0.194577 -0.751571   1.19488   2.50621 -0.764286  0.490365
  0.21979 -0.741457   1.18146   2.50696 -0.776151   0.52832
 0.245003 -0.731343   1.16804    2.5077 -0.788017  0.566274
 0.270217 -0.721228   1.15462   2.50845 -0.799882  0.604228
  0.29543 -0.711114    1.1412   2.50919 -0.811748  0.642182
 0.320643 -0.700999   1.12778   2.50994 -0.823613  0.680137
 0.345856 -0.690885   1.11436   2.51068 -0.835478  0.718091
  0.37107 -0.680771   1.10094   2.51143 -0.847344  0.756045
 0.396283 -0.670656   1.08752   2.51217 -0.859209  0.793999
 0.421496 -0.660542   1.07409   2.51292 -0.871075  0.831953
 0.446709 -0.650427   1.06067   2.51367  -0.88294  0.869908
 0.471923 -0.640313   1.04725   2.51441 -0.894806  0.907862
 0.478367 -0.637728   1.04382    2.5146 -0.897838  0.917563
 0.454316  -0.64198   1.06005   2.51942 -0.915711  0.881543
 0.430265 -0.646231   1.07628   2.52423 -0.933584  0.845523
 0.406214 -0.650483   1.09251   2.52905 -0.951458  0.809504
 0.382163 -0.654735   1.10874   2.53386 -0.969331  0.773484
 0.358111 -0.658987   1.12497   2.53867 -0.987204  0.737464
  0.33406 -0.663239    1.1412   2.54349  -1.00508  0.701445
 0.310009 -0.667491   1.15743    2.5483  -1.02295  0.665425
 0.285958 -0.671742   1.17367   2.55312  -1.04082  0.629405
 0.261907 -0.675994    1.1899   2.55793   -1.0587  0.593386
 0.237856 -0.680246   1.20613   2.56275  -1.07657  0.557366
 0.213805 -0.684498   1.22236   2.56756  -1.09444  0.521346
0.189754 -0.68875  1.23859  2.57237 -1.11232 0.485327
 0.165703 -0.693001   1.25482   2.57719  -1.13019  0.449307
 0.141652 -0.697253   1.27105     2.582  -1.14806  0.413287
   0.1176 -0.701505   1.28728   2.58682  -1.16593  0.377268
0.0935493 -0.705757   1.30351   2.59163  -1.18381  0.341248
0.0694982 -0.710009   1.31974   2.59645  -1.20168  0.305228
0.0454471 -0.714261   1.33597   2.60126  -1.21955  0.269209
 0.021396 -0.718512    1.3522   2.60607  -1.23743  0.233189
-0.00265511 -0.722764   1.36843   2.61089   -1.2553  0.197169
-0.0267062 -0.727016   1.38466    2.6157  -1.27317   0.16115
-0.0507573 -0.731268   1.40089   2.62052  -1.29105   0.12513
-0.0748084  -0.73552   1.41712   2.62533  -1.30892 0.0891105
-0.0988595 -0.739772   1.43335   2.63015  -1.32679 0.0530908
-0.122911 -0.744023   1.44958   2.63496  -1.34467 0.0170712
 -0.146962  -0.748275    1.46581    2.63977   -1.36254 -0.0189485
 -0.171013  -0.752527    1.48204    2.64459   -1.38041 -0.0549681
 -0.195064  -0.756779    1.49827     2.6494   -1.39829 -0.0909878
-0.219115 -0.761031    1.5145   2.65422  -1.41616 -0.127007
-0.220122 -0.761209   1.51518   2.65442  -1.41691 -0.128515
 -0.22755 -0.762345   1.51345   2.64837  -1.40837 -0.176796
-0.234977 -0.763482   1.51172   2.64232  -1.39984 -0.225078
-0.242405 -0.764619   1.50999   2.63627   -1.3913 -0.273359
-0.249833 -0.765756   1.50826   2.63022  -1.38277 -0.321641
-0.257261 -0.766892   1.50653   2.62417  -1.37423 -0.369923
-0.264689 -0.768029    1.5048   2.61812   -1.3657 -0.418204
-0.272117 -0.769166   1.50307   2.61208  -1.35716 -0.466486
-0.279545 -0.770303   1.50134   2.60603  -1.34863 -0.514767
-0.286973 -0.771439   1.49961   2.59998  -1.34009 -0.563049
-0.294401 -0.772576   1.49788   2.59393  -1.33156  -0.61133
-0.301829 -0.773713   1.49614   2.58788  -1.32303 -0.659612
-0.309257  -0.77485   1.49441   2.58183  -1.31449 -0.707893
-0.316685 -0.775986   1.49268   2.57578  -1.30596 -0.756175
-0.324113 -0.777123   1.49095   2.56973  -1.29742 -0.804456
-0.331541  -0.77826   1.48922   2.56368  -1.28889 -0.852738
-0.338969 -0.779397   1.48749   2.55763  -1.28035  -0.90102
-0.346397 -0.780533   1.48576   2.55159  -1.27182 -0.949301
-0.353825  -0.78167   1.48403   2.54554  -1.26328 -0.997583
-0.361253 -0.782807    1.4823   2.53949  -1.25475  -1.04586
-0.367799 -0.783809   1.48077   2.53416  -1.24723  -1.08841
-0.370942 -0.780102   1.47888   2.52887  -1.24237  -1.13762
-0.374086 -0.776396   1.47698   2.52358  -1.23751  -1.18682
-0.37723 -0.77269  1.47509   2.5183 -1.23265 -1.23603
-0.380374 -0.768983   1.47319   2.51301  -1.22779  -1.28523
-0.383518 -0.765277    1.4713   2.50773  -1.22293  -1.33444
-0.386661 -0.761571    1.4694   2.50244  -1.21806  -1.38365
-0.389805 -0.757864   1.46751   2.49715   -1.2132  -1.43285
-0.392949 -0.754158   1.46561   2.49187  -1.20834  -1.48206
-0.396093 -0.750452   1.46372   2.48658  -1.20348  -1.53126
-0.399237 -0.746745   1.46182    2.4813  -1.19862  -1.58047
 -0.40238 -0.743039   1.45993   2.47601  -1.19376  -1.62968
-0.405524 -0.739332   1.45803   2.47072   -1.1889  -1.67888
-0.408668 -0.735626   1.45614   2.46544  -1.18404  -1.72809
-0.411812 -0.73192  1.45424  2.46015 -1.17918 -1.77729
-0.414956 -0.728213   1.45235   2.45487  -1.17432   -1.8265
  -0.4181 -0.724507   1.45045   2.44958  -1.16946  -1.87571
-0.421243 -0.720801   1.44856   2.44429   -1.1646  -1.92491
-0.424387 -0.717094   1.44666   2.43901  -1.15974  -1.97412
-0.427531 -0.713388   1.44476   2.43372  -1.15488  -2.02332
-0.430675 -0.709682   1.44287   2.42844  -1.15002  -2.07253
-0.433819 -0.705975   1.44097   2.42315  -1.14516  -2.12173
-0.436962 -0.702269   1.43908   2.41786   -1.1403  -2.17094
-0.440106 -0.698563   1.43718   2.41258  -1.13544  -2.22015
 -0.44325 -0.694856   1.43529   2.40729  -1.13058  -2.26935
-0.446394 -0.69115  1.43339  2.40201 -1.12572 -2.31856
