 2.08776 -1.42893 -1.85924 -2.99502 -2.62463 0.785399
 2.11327 -1.44274 -1.85827 -2.97505 -2.61141  0.75248
 2.13879 -1.45655  -1.8573 -2.95508  -2.5982  0.71956
  2.1643 -1.47037 -1.85633 -2.93511 -2.58498 0.686641
 2.18982 -1.48418 -1.85536 -2.91514 -2.57176 0.653722
 2.21533 -1.49799 -1.85439 -2.89517 -2.55854 0.620803
 2.24085  -1.5118 -1.85342 -2.87519 -2.54532 0.587883
 2.26636 -1.52562 -1.85245 -2.85522  -2.5321 0.554964
 2.29188 -1.53943 -1.85148 -2.83525 -2.51888 0.522045
 2.31739 -1.55324  -1.8505 -2.81528 -2.50566 0.489126
 2.34291 -1.56705 -1.84953 -2.79531 -2.49244 0.456207
 2.36842 -1.58087 -1.84856 -2.77534 -2.47923 0.423287
 2.39394 -1.59468 -1.84759 -2.75537 -2.46601 0.390368
 2.41945 -1.60849 -1.84662  -2.7354 -2.45279 0.357449
 2.44497  -1.6223 -1.84565 -2.71543 -2.43957  0.32453
 2.47048 -1.63612 -1.84468 -2.69546 -2.42635  0.29161
   2.496 -1.64993 -1.84371 -2.67549 -2.41313 0.258691
 2.52151 -1.66374 -1.84274 -2.65552 -2.39991 0.225772
 2.54703 -1.67755 -1.84177 -2.63555 -2.38669 0.192853
 2.57255 -1.69137  -1.8408 -2.61558 -2.37347 0.159934
 2.59806 -1.70518 -1.83983  -2.5956 -2.36025 0.127014
  2.62358  -1.71899  -1.83886  -2.57563  -2.34704 0.0940951
  2.64909   -1.7328  -1.83789  -2.55566  -2.33382 0.0611759
  2.67461  -1.74662  -1.83692  -2.53569   -2.3206 0.0282567
    2.70012    -1.76043    -1.83595    -2.51572    -2.30738 -0.00466256
   2.72564   -1.77424   -1.83498   -2.49575   -2.29416 -0.0375818
  2.75115  -1.78806  -1.83401  -2.47578  -2.28094 -0.070501
 2.77667 -1.80187 -1.83304 -2.45581 -2.26772 -0.10342
  2.80218  -1.81568  -1.83207  -2.43584   -2.2545 -0.136339
   2.8277  -1.82949   -1.8311  -2.41587  -2.24128 -0.169259
  2.85321  -1.84331  -1.83013   -2.3959  -2.22807 -0.202178
  2.87873  -1.85712  -1.82916  -2.37593  -2.21485 -0.235097
  2.88975  -1.86309  -1.82874   -2.3673  -2.20913 -0.249322
  2.89529   -1.8756  -1.81027  -2.38134  -2.18965 -0.211972
  2.90082  -1.88811  -1.79181  -2.39538  -2.17017 -0.174621
  2.90635  -1.90063  -1.77334  -2.40942  -2.15068 -0.137271
  2.91188  -1.91314  -1.75487  -2.42346   -2.1312 -0.099921
   2.91742   -1.92565   -1.73641    -2.4375   -2.11172 -0.0625707
   2.92295   -1.93816   -1.71794   -2.45155   -2.09223 -0.0252205
  2.92848  -1.95068  -1.69947  -2.46559  -2.07275 0.0121298
 2.93401 -1.96319 -1.68101 -2.47963 -2.05326  0.04948
  2.93954   -1.9757  -1.66254  -2.49367  -2.03378 0.0868302
 2.94508 -1.98822 -1.64408 -2.50771  -2.0143  0.12418
 2.95061 -2.00073 -1.62561 -2.52175 -1.99481 0.161531
 2.95614 -2.01324 -1.60714 -2.53579 -1.97533 0.198881
 2.96167 -2.02575 -1.58868 -2.54984 -1.95585 0.236231
 2.96721 -2.03827 -1.57021 -2.56388 -1.93636 0.273581
 2.97274 -2.05078 -1.55174 -2.57792 -1.91688 0.310932
 2.97827 -2.06329 -1.53328 -2.59196  -1.8974 0.348282
  2.9838 -2.07581 -1.51481   -2.606 -1.87791 0.385632
 2.98933 -2.08832 -1.49634 -2.62004 -1.85843 0.422982
 2.99487 -2.10083 -1.47788 -2.63408 -1.83894 0.460333
  3.0004 -2.11334 -1.45941 -2.64813 -1.81946 0.497683
 3.00593 -2.12586 -1.44095 -2.66217 -1.79998 0.535033
 3.01146 -2.13837 -1.42248 -2.67621 -1.78049 0.572383
   3.017 -2.15088 -1.40401 -2.69025 -1.76101 0.609734
 3.02253  -2.1634 -1.38555 -2.70429 -1.74153 0.647084
 3.02806 -2.17591 -1.36708 -2.71833 -1.72204 0.684434
 3.03359 -2.18842 -1.34861 -2.73237 -1.70256 0.721784
 3.03912 -2.20093 -1.33015 -2.74642 -1.68307 0.759134
