 2.08776 -1.42893 -1.85924 -2.99502 -2.62463 0.785399
 2.10432 -1.44731 -1.85885 -2.95763 -2.62033 0.763692
 2.12088 -1.46569 -1.85846 -2.92024 -2.61603 0.741986
 2.13744 -1.48406 -1.85807 -2.88284 -2.61173 0.720279
   2.154 -1.50244 -1.85768 -2.84545 -2.60743 0.698573
 2.17057 -1.52082  -1.8573 -2.80806 -2.60313 0.676867
 2.18713  -1.5392 -1.85691 -2.77067 -2.59884  0.65516
 2.20369 -1.55758 -1.85652 -2.73328 -2.59454 0.633454
 2.22025 -1.57596 -1.85613 -2.69589 -2.59024 0.611747
 2.23682 -1.59433 -1.85574  -2.6585 -2.58594 0.590041
 2.25338 -1.61271 -1.85535  -2.6211 -2.58164 0.568335
 2.26994 -1.63109 -1.85496 -2.58371 -2.57734 0.546628
  2.2865 -1.64947 -1.85458 -2.54632 -2.57304 0.524922
 2.30306 -1.66785 -1.85419 -2.50893 -2.56874 0.503215
 2.31963 -1.68623  -1.8538 -2.47154 -2.56444 0.481509
 2.33619  -1.7046 -1.85341 -2.43415 -2.56014 0.459802
 2.35275 -1.72298 -1.85302 -2.39675 -2.55584 0.438096
 2.36931 -1.74136 -1.85263 -2.35936 -2.55154  0.41639
 2.38588 -1.75974 -1.85225 -2.32197 -2.54724 0.394683
 2.40244 -1.77812 -1.85186 -2.28458 -2.54294 0.372977
   2.419 -1.79649 -1.85147 -2.24719 -2.53864  0.35127
 2.43556 -1.81487 -1.85108  -2.2098 -2.53434 0.329564
 2.45212 -1.83325 -1.85069 -2.17241 -2.53004 0.307858
 2.46869 -1.85163  -1.8503 -2.13501 -2.52574 0.286151
 2.48525 -1.87001 -1.84991 -2.09762 -2.52144 0.264445
 2.50181 -1.88839 -1.84953 -2.06023 -2.51714 0.242738
 2.51837 -1.90676 -1.84914 -2.02284 -2.51284 0.221032
 2.53494 -1.92514 -1.84875 -1.98545 -2.50854 0.199325
  2.5515 -1.94352 -1.84836 -1.94806 -2.50424 0.177619
 2.56806  -1.9619 -1.84797 -1.91067 -2.49994 0.155913
 2.58462 -1.98028 -1.84758 -1.87327 -2.49564 0.134206
 2.60118 -1.99866  -1.8472 -1.83588 -2.49134   0.1125
  2.61775  -2.01703  -1.84681  -1.79849  -2.48704 0.0907934
 2.63431 -2.03541 -1.84642  -1.7611 -2.48274 0.069087
  2.65087  -2.05379  -1.84603  -1.72371  -2.47844 0.0473806
  2.66743  -2.07217  -1.84564  -1.68632  -2.47414 0.0256742
     2.684   -2.09055   -1.84525   -1.64892   -2.46984 0.00396774
   2.70056   -2.10893   -1.84487   -1.61153   -2.46554 -0.0177387
   2.71712    -2.1273   -1.84448   -1.57414   -2.46124 -0.0394451
   2.73368   -2.14568   -1.84409   -1.53675   -2.45695 -0.0611515
   2.75024   -2.16406    -1.8437   -1.49936   -2.45265 -0.0828579
  2.76681  -2.18244  -1.84331  -1.46197  -2.44835 -0.104564
  2.78337  -2.20082  -1.84292  -1.42458  -2.44405 -0.126271
  2.79993   -2.2192  -1.84253  -1.38718  -2.43975 -0.147977
  2.81649  -2.23757  -1.84215  -1.34979  -2.43545 -0.169684
 2.83306 -2.25595 -1.84176  -1.3124 -2.43115 -0.19139
  2.84962  -2.27433  -1.84137  -1.27501  -2.42685 -0.213096
  2.86618  -2.29271  -1.84098  -1.23762  -2.42255 -0.234803
  2.88274  -2.31109  -1.84059  -1.20023  -2.41825 -0.256509
   2.8993  -2.32947   -1.8402  -1.16284  -2.41395 -0.278216
  2.91587  -2.34784  -1.83982  -1.12544  -2.40965 -0.299922
  2.93243  -2.36622  -1.83943  -1.08805  -2.40535 -0.321629
  2.94899   -2.3846  -1.83904  -1.05066  -2.40105 -0.343335
  2.95366  -2.38978  -1.83893  -1.04012  -2.39984 -0.349451
  2.95487  -2.38588  -1.82604  -1.07827  -2.38337 -0.325141
 2.95608 -2.38197 -1.81316 -1.11641  -2.3669 -0.30083
  2.95729  -2.37807  -1.80027  -1.15456  -2.35043 -0.276519
   2.9585  -2.37417  -1.78738   -1.1927  -2.33396 -0.252208
  2.95972  -2.37026   -1.7745  -1.23085  -2.31749 -0.227897
  2.96093  -2.36636  -1.76161  -1.26899  -2.30103 -0.203587
  2.96214  -2.36245  -1.74872  -1.30714  -2.28456 -0.179276
  2.96335  -2.35855  -1.73584  -1.34528  -2.26809 -0.154965
  2.96456  -2.35465  -1.72295  -1.38343  -2.25162 -0.130654
  2.96577  -2.35074  -1.71006  -1.42157  -2.23515 -0.106343
   2.96698   -2.34684   -1.69718   -1.45971   -2.21868 -0.0820325
   2.96819   -2.34294   -1.68429   -1.49786   -2.20221 -0.0577217
   2.96941   -2.33903   -1.67141     -1.536   -2.18575 -0.0334108
2.97062    -2.33513    -1.65852    -1.57415    -2.16928 -0.00910003
  2.97183  -2.33123  -1.64563  -1.61229  -2.15281 0.0152108
  2.97304  -2.32732  -1.63275  -1.65044  -2.13634 0.0395216
  2.97425  -2.32342  -1.61986  -1.68858  -2.11987 0.0638324
  2.97546  -2.31952  -1.60697  -1.72673   -2.1034 0.0881432
 2.97667 -2.31561 -1.59409 -1.76487 -2.08693 0.112454
 2.97789 -2.31171  -1.5812 -1.80302 -2.07047 0.136765
  2.9791  -2.3078 -1.56831 -1.84116   -2.054 0.161076
 2.98031  -2.3039 -1.55543  -1.8793 -2.03753 0.185387
 2.98152     -2.3 -1.54254 -1.91745 -2.02106 0.209697
 2.98273 -2.29609 -1.52965 -1.95559 -2.00459 0.234008
 2.98394 -2.29219 -1.51677 -1.99374 -1.98812 0.258319
 2.98515 -2.28829 -1.50388 -2.03188 -1.97165  0.28263
 2.98636 -2.28438 -1.49099 -2.07003 -1.95519 0.306941
 2.98758 -2.28048 -1.47811 -2.10817 -1.93872 0.331251
 2.98879 -2.27658 -1.46522 -2.14632 -1.92225 0.355562
    2.99 -2.27267 -1.45234 -2.18446 -1.90578 0.379873
 2.99121 -2.26877 -1.43945  -2.2226 -1.88931 0.404184
 2.99242 -2.26487 -1.42656 -2.26075 -1.87284 0.428495
 2.99363 -2.26096 -1.41368 -2.29889 -1.85637 0.452806
 2.99484 -2.25706 -1.40079 -2.33704 -1.83991 0.477116
 2.99606 -2.25316  -1.3879 -2.37518 -1.82344 0.501427
 2.99727 -2.24925 -1.37502 -2.41333 -1.80697 0.525738
 2.99848 -2.24535 -1.36213 -2.45147  -1.7905 0.550049
 2.99969 -2.24144 -1.34924 -2.48962 -1.77403  0.57436
  3.0009 -2.23754 -1.33636 -2.52776 -1.75756  0.59867
 3.00211 -2.23364 -1.32347 -2.56591 -1.74109 0.622981
 3.00332 -2.22973 -1.31058 -2.60405 -1.72463 0.647292
 3.00454 -2.22583  -1.2977 -2.64219 -1.70816 0.671603
 3.00575 -2.22193 -1.28481 -2.68034 -1.69169 0.695914
 3.00696 -2.21802 -1.27193 -2.71848 -1.67522 0.720224
 3.00815  -2.2142 -1.25929 -2.75589 -1.65907 0.744064
 3.02994 -2.21141 -1.29546 -2.75614 -1.66551 0.769898
