 2.08776 -1.42893 -1.85924 -2.99502 -2.62463 0.785399
 2.11503 -1.45011 -1.84403 -2.98675 -2.59307 0.788804
 2.14231 -1.47129 -1.82881 -2.97849 -2.56152 0.792209
 2.16959 -1.49248  -1.8136 -2.97022 -2.52996 0.795614
 2.19686 -1.51366 -1.79839 -2.96195  -2.4984 0.799019
 2.22414 -1.53484 -1.78318 -2.95369 -2.46684 0.802425
 2.25141 -1.55603 -1.76797 -2.94542 -2.43528  0.80583
 2.27869 -1.57721 -1.75275 -2.93715 -2.40372 0.809235
 2.30597 -1.59839 -1.73754 -2.92889 -2.37217  0.81264
 2.33324 -1.61958 -1.72233 -2.92062 -2.34061 0.816045
 2.36052 -1.64076 -1.70712 -2.91235 -2.30905  0.81945
  2.3878 -1.66194 -1.69191 -2.90409 -2.27749 0.822855
 2.41507 -1.68312 -1.67669 -2.89582 -2.24593 0.826261
 2.44235 -1.70431 -1.66148 -2.88755 -2.21437 0.829666
 2.46963 -1.72549 -1.64627 -2.87929 -2.18281 0.833071
  2.4969 -1.74667 -1.63106 -2.87102 -2.15126 0.836476
 2.52418 -1.76786 -1.61585 -2.86276  -2.1197 0.839881
 2.55146 -1.78904 -1.60063 -2.85449 -2.08814 0.843286
 2.57873 -1.81022 -1.58542 -2.84622 -2.05658 0.846692
 2.60601 -1.83141 -1.57021 -2.83796 -2.02502 0.850097
 2.63329 -1.85259   -1.555 -2.82969 -1.99346 0.853502
 2.66056 -1.87377 -1.53978 -2.82142  -1.9619 0.856907
 2.68784 -1.89495 -1.52457 -2.81316 -1.93035 0.860312
 2.71512 -1.91614 -1.50936 -2.80489 -1.89879 0.863717
 2.74239 -1.93732 -1.49415 -2.79662 -1.86723 0.867122
 2.76967  -1.9585 -1.47894 -2.78836 -1.83567 0.870528
 2.79694 -1.97969 -1.46372 -2.78009 -1.80411 0.873933
 2.82422 -2.00087 -1.44851 -2.77182 -1.77255 0.877338
  2.8515 -2.02205  -1.4333 -2.76356   -1.741 0.880743
 2.85719 -2.02647 -1.43013 -2.76183 -1.73441 0.881454
 2.90081 -2.04243 -1.43771 -2.76398 -1.74701 0.870434
 2.92699   -2.052 -1.44227 -2.76527 -1.75457 0.863822
 2.94932 -2.08236 -1.41819 -2.76354 -1.73817 0.848727
 2.97165 -2.11272 -1.39411 -2.76181 -1.72177 0.833633
 2.99398 -2.14308 -1.37003 -2.76009 -1.70538 0.818538
 3.01632 -2.17344 -1.34595 -2.75836 -1.68898 0.803443
 3.03865  -2.2038 -1.32187 -2.75663 -1.67258 0.788349
