 2.08776 -1.42893 -1.85924 -2.99502 -2.62463 0.785399
 2.11205 -1.44485 -1.86245 -2.96115 -2.60265 0.789322
 2.13635 -1.46077 -1.86566 -2.92728 -2.58066 0.793245
 2.16064 -1.47669 -1.86888 -2.89341 -2.55868 0.797168
 2.18494 -1.49262 -1.87209 -2.85954 -2.53669 0.801092
 2.20923 -1.50854  -1.8753 -2.82567 -2.51471 0.805015
 2.23353 -1.52446 -1.87852  -2.7918 -2.49272 0.808938
 2.25782 -1.54038 -1.88173 -2.75793 -2.47074 0.812861
 2.28212  -1.5563 -1.88494 -2.72406 -2.44875 0.816785
 2.30641 -1.57222 -1.88816 -2.69019 -2.42677 0.820708
 2.33071 -1.58815 -1.89137 -2.65632 -2.40478 0.824631
   2.355 -1.60407 -1.89458 -2.62245  -2.3828 0.828554
  2.3793 -1.61999 -1.89779 -2.58858 -2.36081 0.832478
  2.4036 -1.63591 -1.90101 -2.55471 -2.33883 0.836401
 2.42789 -1.65183 -1.90422 -2.52084 -2.31684 0.840324
 2.45219 -1.66775 -1.90743 -2.48697 -2.29486 0.844247
 2.47648 -1.68368 -1.91065  -2.4531 -2.27287 0.848171
 2.50078  -1.6996 -1.91386 -2.41923 -2.25089 0.852094
 2.52507 -1.71552 -1.91707 -2.38536  -2.2289 0.856017
 2.54937 -1.73144 -1.92029 -2.35149 -2.20692  0.85994
 2.57366 -1.74736  -1.9235 -2.31762 -2.18493 0.863864
 2.59796 -1.76328 -1.92671 -2.28375 -2.16295 0.867787
 2.62225 -1.77921 -1.92992 -2.24988 -2.14096  0.87171
 2.64655 -1.79513 -1.93314 -2.21601 -2.11898 0.875634
 2.67084 -1.81105 -1.93635 -2.18214 -2.09699 0.879557
 2.69514 -1.82697 -1.93956 -2.14827 -2.07501  0.88348
 2.71944 -1.84289 -1.94278  -2.1144 -2.05302 0.887403
 2.74373 -1.85881 -1.94599 -2.08053 -2.03104 0.891327
 2.76803 -1.87474  -1.9492 -2.04666 -2.00905  0.89525
 2.79232 -1.89066 -1.95242 -2.01279 -1.98707 0.899173
 2.81662 -1.90658 -1.95563 -1.97892 -1.96508 0.903096
 2.84091  -1.9225 -1.95884 -1.94505  -1.9431  0.90702
 2.86521 -1.93842 -1.96206 -1.91118 -1.92111 0.910943
  2.8895 -1.95434 -1.96527 -1.87731 -1.89913 0.914866
  2.9138 -1.97027 -1.96848 -1.84344 -1.87714 0.918789
 2.93809 -1.98619 -1.97169 -1.80957 -1.85516 0.922713
 2.96239 -2.00211 -1.97491  -1.7757 -1.83317 0.926636
 2.98668 -2.01803 -1.97812 -1.74183 -1.81119 0.930559
 2.99031 -2.02041  -1.9786 -1.73678 -1.80791 0.931144
 2.99242 -2.02799 -1.95209 -1.77764 -1.80236 0.925302
 2.99453 -2.03558 -1.92557 -1.81851  -1.7968  0.91946
 2.99665 -2.04317 -1.89906 -1.85938 -1.79125 0.913618
 2.99876 -2.05076 -1.87255 -1.90024  -1.7857 0.907776
 3.00087 -2.05835 -1.84603 -1.94111 -1.78014 0.901934
 3.00298 -2.06594 -1.81952 -1.98197 -1.77459 0.896092
  3.0051 -2.07353 -1.79301 -2.02284 -1.76904 0.890249
 3.00721 -2.08112  -1.7665 -2.06371 -1.76348 0.884407
 3.00932 -2.08871 -1.73998 -2.10457 -1.75793 0.878565
 3.01143  -2.0963 -1.71347 -2.14544 -1.75238 0.872723
 3.01355 -2.10388 -1.68696  -2.1863 -1.74683 0.866881
 3.01566 -2.11147 -1.66044 -2.22717 -1.74127 0.861039
 3.01777 -2.11906 -1.63393 -2.26804 -1.73572 0.855197
 3.01989 -2.12665 -1.60742  -2.3089 -1.73017 0.849355
   3.022 -2.13424  -1.5809 -2.34977 -1.72461 0.843513
 3.02411 -2.14183 -1.55439 -2.39063 -1.71906 0.837671
 3.02622 -2.14942 -1.52788  -2.4315 -1.71351 0.831829
 3.02834 -2.15701 -1.50137 -2.47237 -1.70795 0.825987
 3.03045  -2.1646 -1.47485 -2.51323  -1.7024 0.820145
 3.03256 -2.17219 -1.44834  -2.5541 -1.69685 0.814302
 3.03467 -2.17977 -1.42183 -2.59497  -1.6913  0.80846
 3.03679 -2.18736 -1.39531 -2.63583 -1.68574 0.802618
  3.0389 -2.19495  -1.3688  -2.6767 -1.68019 0.796776
 3.04101 -2.20254 -1.34229 -2.71756 -1.67464 0.790934
