 2.08776 -1.42893 -1.85924 -2.99502 -2.62463 0.785399
 2.11566 -1.44998 -1.84404 -2.98515 -2.59396 0.782424
 2.14357 -1.47103 -1.82885 -2.97529 -2.56328 0.779449
 2.17147 -1.49209 -1.81365 -2.96542  -2.5326 0.776475
 2.19938 -1.51314 -1.79846 -2.95555 -2.50193   0.7735
 2.22728 -1.53419 -1.78326 -2.94569 -2.47125 0.770525
 2.25519 -1.55525 -1.76807 -2.93582 -2.44058 0.767551
 2.28309  -1.5763 -1.75287 -2.92596  -2.4099 0.764576
   2.311 -1.59735 -1.73768 -2.91609 -2.37922 0.761601
  2.3389  -1.6184 -1.72248 -2.90622 -2.34855 0.758627
 2.36681 -1.63946 -1.70729 -2.89636 -2.31787 0.755652
 2.39471 -1.66051 -1.69209 -2.88649  -2.2872 0.752677
 2.42262 -1.68156  -1.6769 -2.87663 -2.25652 0.749703
 2.45052 -1.70261  -1.6617 -2.86676 -2.22584 0.746728
 2.47843 -1.72367 -1.64651 -2.85689 -2.19517 0.743753
 2.50633 -1.74472 -1.63131 -2.84703 -2.16449 0.740779
 2.53424 -1.76577 -1.61612 -2.83716 -2.13382 0.737804
 2.56214 -1.78683 -1.60092  -2.8273 -2.10314 0.734829
 2.59005 -1.80788 -1.58573 -2.81743 -2.07246 0.731855
 2.61795 -1.82893 -1.57053 -2.80756 -2.04179  0.72888
 2.64586 -1.84998 -1.55534  -2.7977 -2.01111 0.725905
 2.67376 -1.87104 -1.54014 -2.78783 -1.98044 0.722931
 2.70167 -1.89209 -1.52495 -2.77797 -1.94976 0.719956
 2.72957 -1.91314 -1.50975  -2.7681 -1.91908 0.716981
 2.75748  -1.9342 -1.49456 -2.75823 -1.88841 0.714007
 2.78538 -1.95525 -1.47936 -2.74837 -1.85773 0.711032
 2.81329  -1.9763 -1.46417  -2.7385 -1.82706 0.708057
 2.84119 -1.99735 -1.44897 -2.72864 -1.79638 0.705083
 2.86367 -2.01431 -1.43673 -2.72069 -1.77167 0.702686
  2.9019 -2.03928 -1.42968 -2.72853 -1.78894 0.700394
 2.92484 -2.05426 -1.42545 -2.73324 -1.79931 0.699018
 2.94645  -2.0827 -1.40565 -2.73746 -1.77554 0.714817
 2.96807 -2.11113 -1.38584 -2.74167 -1.75178 0.730615
 2.98968 -2.13957 -1.36603 -2.74589 -1.72802 0.746413
 3.01129   -2.168 -1.34623  -2.7501 -1.70425 0.762212
 3.03291 -2.19644 -1.32642 -2.75432 -1.68049  0.77801
