 2.08776 -1.42893 -1.85924 -2.99502 -2.62463 0.785399
 2.11207 -1.44373 -1.85597 -2.98665  -2.6046 0.750649
 2.13639 -1.45852 -1.85269 -2.97829 -2.58456 0.715899
 2.16071 -1.47332 -1.84942 -2.96992 -2.56452 0.681149
 2.18502 -1.48812 -1.84615 -2.96156 -2.54448 0.646399
 2.20934 -1.50292 -1.84288 -2.95319 -2.52445 0.611649
 2.23366 -1.51771  -1.8396 -2.94483 -2.50441 0.576899
 2.25797 -1.53251 -1.83633 -2.93646 -2.48437 0.542149
 2.28229 -1.54731 -1.83306 -2.92809 -2.46434 0.507399
 2.30661 -1.56211 -1.82979 -2.91973  -2.4443 0.472649
 2.33092  -1.5769 -1.82652 -2.91136 -2.42426 0.437899
 2.35524  -1.5917 -1.82324   -2.903 -2.40422 0.403149
 2.37956  -1.6065 -1.81997 -2.89463 -2.38419 0.368399
 2.40387  -1.6213  -1.8167 -2.88627 -2.36415 0.333649
 2.42819 -1.63609 -1.81343  -2.8779 -2.34411 0.298899
 2.45251 -1.65089 -1.81016 -2.86953 -2.32408 0.264149
 2.47682 -1.66569 -1.80688 -2.86117 -2.30404   0.2294
 2.50114 -1.68049 -1.80361  -2.8528   -2.284  0.19465
 2.52546 -1.69528 -1.80034 -2.84444 -2.26396   0.1599
 2.54977 -1.71008 -1.79707 -2.83607 -2.24393  0.12515
  2.57409  -1.72488  -1.79379  -2.82771  -2.22389 0.0903997
  2.59841  -1.73968  -1.79052  -2.81934  -2.20385 0.0556498
  2.62272  -1.75447  -1.78725  -2.81098  -2.18382 0.0208998
   2.64704   -1.76927   -1.78398   -2.80261   -2.16378 -0.0138501
   2.67136   -1.78407   -1.78071   -2.79424   -2.14374 -0.0486001
 2.69567 -1.79887 -1.77743 -2.78588  -2.1237 -0.08335
 2.71999 -1.81366 -1.77416 -2.77751 -2.10367  -0.1181
 2.74431 -1.82846 -1.77089 -2.76915 -2.08363 -0.15285
 2.76862 -1.84326 -1.76762 -2.76078 -2.06359  -0.1876
 2.79294 -1.85805 -1.76435 -2.75242 -2.04356 -0.22235
 2.81725 -1.87285 -1.76107 -2.74405 -2.02352  -0.2571
 2.84157 -1.88765  -1.7578 -2.73569 -2.00348 -0.29185
 2.86589 -1.90245 -1.75453 -2.72732 -1.98344  -0.3266
  2.8902 -1.91724 -1.75126 -2.71895 -1.96341 -0.36135
 2.91452 -1.93204 -1.74798 -2.71059 -1.94337  -0.3961
 2.93884 -1.94684 -1.74471 -2.70222 -1.92333 -0.43085
  2.96315  -1.96164  -1.74144  -2.69386   -1.9033 -0.465599
  2.98747  -1.97643  -1.73817  -2.68549  -1.88326 -0.500349
  2.99074  -1.97843  -1.73773  -2.68437  -1.88056 -0.505027
  2.99262  -1.98671  -1.72266  -2.68694    -1.873 -0.458799
  2.99449    -1.995   -1.7076  -2.68952  -1.86543 -0.412572
  2.99636  -2.00328  -1.69253   -2.6921  -1.85787 -0.366345
  2.99823  -2.01157  -1.67746  -2.69467   -1.8503 -0.320117
 3.00011 -2.01986  -1.6624 -2.69725 -1.84273 -0.27389
  3.00198  -2.02814  -1.64733  -2.69982  -1.83517 -0.227663
  3.00385  -2.03643  -1.63227   -2.7024   -1.8276 -0.181435
  3.00572  -2.04472   -1.6172  -2.70498  -1.82004 -0.135208
    3.0076     -2.053   -1.60213   -2.70755   -1.81247 -0.0889803
   3.00947   -2.06129   -1.58707   -2.71013   -1.80491 -0.0427529
   3.01134   -2.06957     -1.572   -2.71271   -1.79734 0.00347444
  3.01321  -2.07786  -1.55694  -2.71528  -1.78978 0.0497018
  3.01509  -2.08615  -1.54187  -2.71786  -1.78221 0.0959292
 3.01696 -2.09443  -1.5268 -2.72044 -1.77465 0.142157
 3.01883 -2.10272 -1.51174 -2.72301 -1.76708 0.188384
  3.0207 -2.11101 -1.49667 -2.72559 -1.75951 0.234611
 3.02258 -2.11929  -1.4816 -2.72817 -1.75195 0.280839
 3.02445 -2.12758 -1.46654 -2.73074 -1.74438 0.327066
 3.02632 -2.13586 -1.45147 -2.73332 -1.73682 0.373294
 3.02819 -2.14415 -1.43641  -2.7359 -1.72925 0.419521
 3.03007 -2.15244 -1.42134 -2.73847 -1.72169 0.465748
 3.03194 -2.16072 -1.40627 -2.74105 -1.71412 0.511976
 3.03381 -2.16901 -1.39121 -2.74363 -1.70656 0.558203
 3.03568  -2.1773 -1.37614  -2.7462 -1.69899 0.604431
 3.03756 -2.18558 -1.36108 -2.74878 -1.69143 0.650658
 3.03943 -2.19387 -1.34601 -2.75136 -1.68386 0.696885
  3.0413 -2.20215 -1.33094 -2.75393 -1.67629 0.743113
