-1.69642 -1.51015  2.20146  2.45029 0.125621  -2.3562
 -1.6705 -1.49159  2.18105  2.43582 0.117246 -2.32814
-1.64458 -1.47303  2.16063  2.42135 0.108872 -2.30008
-1.61866 -1.45446  2.14022  2.40688 0.100498 -2.27202
 -1.59274   -1.4359   2.11981   2.39241 0.0921232  -2.24396
 -1.56682  -1.41734    2.0994   2.37793 0.0837487   -2.2159
  -1.5409  -1.39877   2.07898   2.36346 0.0753743  -2.18785
 -1.51498  -1.38021   2.05857   2.34899 0.0669999  -2.15979
 -1.48906  -1.36165   2.03816   2.33452 0.0586254  -2.13173
-1.46314 -1.34308  2.01775  2.32005 0.050251 -2.10367
 -1.43722  -1.32452   1.99733   2.30558 0.0418766  -2.07561
 -1.41129  -1.30596   1.97692   2.29111 0.0335021  -2.04755
 -1.38537   -1.2874   1.95651   2.27663 0.0251277  -2.01949
 -1.35945  -1.26883   1.93609   2.26216 0.0167533  -1.99143
  -1.33353   -1.25027    1.91568    2.24769 0.00837884   -1.96337
   -1.30761    -1.23171     1.89527     2.23322 4.40242e-06    -1.93531
   -1.28169    -1.21314     1.87486     2.21875 -0.00837003    -1.90725
  -1.25577   -1.19458    1.85444    2.20428 -0.0167445   -1.87919
  -1.22985   -1.17602    1.83403    2.18981 -0.0251189   -1.85113
  -1.20393   -1.15745    1.81362    2.17533 -0.0334933   -1.82307
  -1.17801   -1.13889     1.7932    2.16086 -0.0418678   -1.79501
  -1.15209   -1.12033    1.77279    2.14639 -0.0502422   -1.76696
  -1.12617   -1.10177    1.75238    2.13192 -0.0586166    -1.7389
  -1.10025    -1.0832    1.73197    2.11745 -0.0669911   -1.71084
  -1.07433   -1.06464    1.71155    2.10298 -0.0753655   -1.68278
  -1.04841   -1.04608    1.69114    2.08851 -0.0837399   -1.65472
  -1.02249   -1.02751    1.67073    2.07404 -0.0921144   -1.62666
-0.996572  -1.00895   1.65032   2.05956 -0.100489   -1.5986
-0.970652 -0.990387    1.6299   2.04509 -0.108863  -1.57054
-0.944731 -0.971824   1.60949   2.03062 -0.117238  -1.54248
-0.918811 -0.953261   1.58908   2.01615 -0.125612  -1.51442
-0.892891 -0.934698   1.56866   2.00168 -0.133987  -1.48636
-0.866971 -0.916135   1.54825   1.98721 -0.142361   -1.4583
-0.841051 -0.897572   1.52784   1.97274 -0.150735  -1.43024
 -0.81513 -0.879009   1.50743   1.95826  -0.15911  -1.40218
 -0.78921 -0.860446   1.48701   1.94379 -0.167484  -1.37412
 -0.76329 -0.841883    1.4666   1.92932 -0.175859  -1.34607
 -0.73737  -0.82332   1.44619   1.91485 -0.184233  -1.31801
 -0.71145 -0.804757   1.42577   1.90038 -0.192608  -1.28995
-0.685529 -0.786194   1.40536   1.88591 -0.200982  -1.26189
-0.659609 -0.767631   1.38495   1.87144 -0.209356  -1.23383
-0.633689 -0.749068   1.36454   1.85697 -0.217731  -1.20577
-0.632739 -0.748387   1.36379   1.85643 -0.218038  -1.20474
-0.650622 -0.735704   1.34902   1.86432 -0.230283   -1.2446
-0.668506  -0.72302   1.33425   1.87221 -0.242529  -1.28447
-0.686389 -0.710336   1.31948   1.88009 -0.254774  -1.32433
-0.704273 -0.697653   1.30471   1.88798  -0.26702  -1.36419
-0.718357 -0.687664   1.29308   1.89419 -0.276664  -1.39559
-0.705914  -0.67752   1.28854   1.90573 -0.306728     -1.43
-0.693471 -0.667376     1.284   1.91727 -0.336792  -1.46442
-0.681028 -0.657232   1.27946   1.92881 -0.366856  -1.49884
-0.668585 -0.647088   1.27491   1.94035  -0.39692  -1.53326
-0.656142 -0.636945   1.27037   1.95189 -0.426984  -1.56768
  -0.6437 -0.626801   1.26583   1.96343 -0.457048  -1.60209
-0.631257 -0.616657   1.26129   1.97497 -0.487112  -1.63651
-0.618814 -0.606513   1.25675   1.98651 -0.517176  -1.67093
-0.606371 -0.596369    1.2522   1.99805  -0.54724  -1.70535
-0.593928 -0.586225   1.24766   2.00959 -0.577304  -1.73977
-0.581485 -0.576081   1.24312   2.02113 -0.607368  -1.77419
-0.578344 -0.573521   1.24197   2.02405 -0.614956  -1.78287
-0.571064 -0.579972   1.25265   2.04506  -0.64345  -1.81509
-0.563784 -0.586423   1.26332   2.06607 -0.671944  -1.84731
-0.556504 -0.592874     1.274   2.08708 -0.700437  -1.87953
-0.549224 -0.599325   1.28468    2.1081 -0.728931  -1.91175
-0.541944 -0.605776   1.29535   2.12911 -0.757424  -1.94396
-0.534665 -0.612227   1.30603   2.15012 -0.785918  -1.97618
-0.527385 -0.618678    1.3167   2.17114 -0.814412   -2.0084
-0.520105 -0.625129   1.32738   2.19215 -0.842905  -2.04062
-0.512825  -0.63158   1.33805   2.21316 -0.871399  -2.07284
-0.505545  -0.63803   1.34873   2.23417 -0.899892  -2.10506
-0.498265 -0.644481    1.3594   2.25519 -0.928386  -2.13727
-0.490985 -0.650932   1.37008    2.2762  -0.95688  -2.16949
-0.483705 -0.657383   1.38076   2.29721 -0.985373  -2.20171
-0.476425 -0.663834   1.39143   2.31822  -1.01387  -2.23393
-0.469145 -0.670285   1.40211   2.33924  -1.04236  -2.26615
-0.461865 -0.676736   1.41278   2.36025  -1.07085  -2.29836
-0.454585 -0.683187   1.42346   2.38126  -1.09935  -2.33058
