-1.69642 -1.51015  2.20146  2.45029 0.125621  -2.3562
-1.65943 -1.48692   2.1902   2.4514 0.104099 -2.35545
 -1.62243  -1.46368   2.17895    2.4525 0.0825767  -2.35469
 -1.58544  -1.44044   2.16769   2.45361 0.0610545  -2.35393
 -1.54845  -1.41721   2.15643   2.45471 0.0395324  -2.35318
 -1.51146  -1.39397   2.14518   2.45582 0.0180103  -2.35242
   -1.47447    -1.37073     2.13392     2.45692 -0.00351186    -2.35167
 -1.43748   -1.3475   2.12266   2.45803 -0.025034  -2.35091
  -1.40049   -1.32426     2.1114    2.45913 -0.0465561   -2.35016
  -1.36349   -1.30103    2.10015    2.46024 -0.0680782    -2.3494
   -1.3265   -1.27779    2.08889    2.46134 -0.0896004   -2.34865
 -1.28951  -1.25455   2.07763   2.46245 -0.111123  -2.34789
 -1.25252  -1.23132   2.06638   2.46355 -0.132645  -2.34713
 -1.21553  -1.20808   2.05512   2.46466 -0.154167  -2.34638
 -1.17854  -1.18485   2.04386   2.46576 -0.175689  -2.34562
 -1.14154  -1.16161    2.0326   2.46687 -0.197211  -2.34487
 -1.10455  -1.13837   2.02135   2.46797 -0.218733  -2.34411
 -1.06756  -1.11514   2.01009   2.46908 -0.240255  -2.34336
 -1.03057   -1.0919   1.99883   2.47018 -0.261777   -2.3426
-0.993579 -1.06867  1.98758  2.47129  -0.2833 -2.34185
-0.956587  -1.04543   1.97632   2.47239 -0.304822  -2.34109
-0.919596  -1.02219   1.96506    2.4735 -0.326344  -2.34033
-0.882604 -0.998958   1.95381    2.4746 -0.347866  -2.33958
-0.845613 -0.975722   1.94255   2.47571 -0.369388  -2.33882
-0.829737 -0.965749   1.93772   2.47618 -0.378625   -2.3385
-0.798894 -0.938705   1.91869   2.46532 -0.390824  -2.32477
-0.768052  -0.91166   1.89965   2.45446 -0.403023  -2.31105
 -0.73721 -0.884616   1.88062    2.4436 -0.415222  -2.29732
-0.706368 -0.857571   1.86159   2.43274 -0.427421   -2.2836
-0.675526 -0.830526   1.84256   2.42188 -0.439621  -2.26988
-0.644684 -0.803482   1.82352   2.41102  -0.45182  -2.25615
-0.613842 -0.776437   1.80449   2.40016 -0.464019  -2.24243
-0.582999 -0.749393   1.78546    2.3893 -0.476218   -2.2287
-0.552157 -0.722348   1.76643   2.37844 -0.488417  -2.21498
-0.521315 -0.695303   1.74739   2.36758 -0.500616  -2.20125
-0.490473 -0.668259   1.72836   2.35672 -0.512815  -2.18753
-0.459631 -0.641214   1.70933   2.34586 -0.525014   -2.1738
-0.428789  -0.61417    1.6903     2.335 -0.537214  -2.16008
-0.425053 -0.610894   1.68799   2.33369 -0.538691  -2.15842
-0.426812 -0.616629   1.66902   2.33845   -0.5819  -2.17307
-0.428571 -0.622364   1.65006   2.34321 -0.625108  -2.18772
 -0.43033 -0.628099   1.63109   2.34797 -0.668317  -2.20237
-0.432089 -0.633834   1.61212   2.35273 -0.711525  -2.21702
-0.433848 -0.639569   1.59316   2.35749 -0.754734  -2.23167
-0.435607 -0.645304   1.57419   2.36225 -0.797942  -2.24632
-0.437366 -0.651039   1.55522   2.36702 -0.841151  -2.26097
-0.439125 -0.656774   1.53626   2.37178 -0.884359  -2.27562
-0.440884 -0.662509   1.51729   2.37654 -0.927568  -2.29027
-0.442642 -0.668244   1.49832    2.3813 -0.970776  -2.30492
-0.444401 -0.673979   1.47936   2.38606  -1.01399  -2.31957
 -0.44616 -0.679714   1.46039   2.39082  -1.05719  -2.33422
-0.447919 -0.685449   1.44142   2.39558   -1.1004  -2.34887
