-1.69642 -1.51015  2.20146  2.45029 0.125621  -2.3562
 -1.66662  -1.49052   2.18308   2.44904 0.0958258   -2.3562
 -1.63683   -1.4709   2.16471   2.44779 0.0660306   -2.3562
 -1.60703  -1.45127   2.14633   2.44654 0.0362354   -2.3562
  -1.57724   -1.43164    2.12795    2.44529 0.00644028    -2.3562
  -1.54744   -1.41202    2.10957    2.44404 -0.0233549    -2.3562
-1.51765 -1.39239   2.0912  2.44279 -0.05315  -2.3562
  -1.48785   -1.37276    2.07282    2.44154 -0.0829452    -2.3562
-1.45806 -1.35314  2.05444  2.44029 -0.11274  -2.3562
 -1.42826  -1.33351   2.03606   2.43904 -0.142536   -2.3562
 -1.39847  -1.31388   2.01769   2.43779 -0.172331   -2.3562
 -1.36867  -1.29426   1.99931   2.43654 -0.202126   -2.3562
 -1.33888  -1.27463   1.98093   2.43529 -0.231921   -2.3562
 -1.30908    -1.255   1.96256   2.43405 -0.261716   -2.3562
 -1.27928  -1.23538   1.94418    2.4328 -0.291511   -2.3562
 -1.24949  -1.21575    1.9258   2.43155 -0.321306   -2.3562
 -1.21969  -1.19612   1.90742    2.4303 -0.351102   -2.3562
  -1.1899   -1.1765   1.88905   2.42905 -0.380897   -2.3562
  -1.1601  -1.15687   1.87067    2.4278 -0.410692   -2.3562
 -1.13031  -1.13724   1.85229   2.42655 -0.440487   -2.3562
 -1.10051  -1.11762   1.83391    2.4253 -0.470282   -2.3562
 -1.07072  -1.09799   1.81554   2.42405 -0.500077   -2.3562
 -1.04092  -1.07836   1.79716    2.4228 -0.529873   -2.3562
 -1.01113  -1.05874   1.77878   2.42155 -0.559668   -2.3562
-0.981333  -1.03911   1.76041    2.4203 -0.589463   -2.3562
-0.951538  -1.01948   1.74203   2.41905 -0.619258   -2.3562
-0.921743 -0.999855   1.72365    2.4178 -0.649053   -2.3562
-0.891948 -0.980228   1.70527   2.41655 -0.678848   -2.3562
-0.862153 -0.960602    1.6869    2.4153 -0.708644   -2.3562
-0.832358 -0.940975   1.66852   2.41405 -0.738439   -2.3562
-0.802562 -0.921348   1.65014    2.4128 -0.768234   -2.3562
-0.772767 -0.901721   1.63176   2.41155 -0.798029   -2.3562
-0.742972 -0.882094   1.61339    2.4103 -0.827824  -2.35619
-0.695435 -0.881074   1.61576   2.41208 -0.813445  -2.36106
-0.647898 -0.880054   1.61814   2.41385 -0.799067  -2.36592
-0.601457 -0.879058   1.62046   2.41559 -0.785019  -2.37067
-0.584773 -0.858211   1.59986   2.41366 -0.821848  -2.36909
-0.568089 -0.837365   1.57926   2.41174 -0.858677  -2.36751
-0.551404 -0.816519   1.55865   2.40981 -0.895505  -2.36592
 -0.53472 -0.795672   1.53805   2.40788 -0.932334  -2.36434
-0.518036 -0.774826   1.51745   2.40596 -0.969163  -2.36276
-0.501352 -0.753979   1.49684   2.40403  -1.00599  -2.36118
-0.484668 -0.733133   1.47624   2.40211  -1.04282  -2.35959
-0.467984 -0.712287   1.45564   2.40018  -1.07965  -2.35801
-0.451299 -0.69144  1.43503  2.39825 -1.11648 -2.35643
