-1.69642 -1.51015  2.20146  2.45029 0.125621  -2.3562
 -1.65888  -1.49663   2.19584   2.44997 0.0964133  -2.35138
 -1.62134   -1.4831   2.19022   2.44964 0.0672056  -2.34655
-1.58381 -1.46958   2.1846  2.44932 0.037998 -2.34172
  -1.54627   -1.45605    2.17898      2.449 0.00879039    -2.3369
  -1.50873   -1.44253    2.17336    2.44867 -0.0204172   -2.33207
   -1.4712   -1.42901    2.16774    2.44835 -0.0496249   -2.32725
  -1.43366   -1.41548    2.16212    2.44803 -0.0788325   -2.32242
-1.39612 -1.40196  2.15649   2.4477 -0.10804  -2.3176
 -1.35858  -1.38843   2.15087   2.44738 -0.137248  -2.31277
 -1.32105  -1.37491   2.14525   2.44706 -0.166455  -2.30795
 -1.28351  -1.36138   2.13963   2.44673 -0.195663  -2.30312
 -1.24597  -1.34786   2.13401   2.44641 -0.224871   -2.2983
 -1.20844  -1.33434   2.12839   2.44609 -0.254078  -2.29347
  -1.1709  -1.32081   2.12277   2.44576 -0.283286  -2.28864
 -1.13336  -1.30729   2.11715   2.44544 -0.312494  -2.28382
 -1.09583  -1.29376   2.11153   2.44512 -0.341701  -2.27899
 -1.05829  -1.28024   2.10591   2.44479 -0.370909  -2.27417
 -1.02075  -1.26672   2.10029   2.44447 -0.400116  -2.26934
-0.983214  -1.25319   2.09467   2.44415 -0.429324  -2.26452
-0.945677  -1.23967   2.08905   2.44382 -0.458532  -2.25969
 -0.90814  -1.22614   2.08342    2.4435 -0.487739  -2.25487
-0.870603  -1.21262    2.0778   2.44318 -0.516947  -2.25004
-0.833066  -1.19909   2.07218   2.44285 -0.546155  -2.24522
-0.795529  -1.18557   2.06656   2.44253 -0.575362  -2.24039
-0.757992 -1.17205  2.06094  2.44221 -0.60457 -2.23556
-0.720455  -1.15852   2.05532   2.44188 -0.633778  -2.23074
-0.682918    -1.145    2.0497   2.44156 -0.662985  -2.22591
-0.645381  -1.13147   2.04408   2.44124 -0.692193  -2.22109
-0.607844 -1.11795  2.03846  2.44092  -0.7214 -2.21626
-0.570307  -1.10442   2.03284   2.44059 -0.750608  -2.21144
 -0.53277   -1.0909   2.02722   2.44027 -0.779816  -2.20661
-0.495233  -1.07738    2.0216   2.43995 -0.809023  -2.20179
-0.457696  -1.06385   2.01598   2.43962 -0.838231  -2.19696
-0.420159  -1.05033   2.01036    2.4393 -0.867439  -2.19214
-0.382622   -1.0368   2.00473   2.43898 -0.896646  -2.18731
-0.345085  -1.02328   1.99911   2.43865 -0.925854  -2.18248
-0.307548  -1.00975   1.99349   2.43833 -0.955061  -2.17766
-0.270011  -0.99623   1.98787   2.43801 -0.984269  -2.17283
-0.232474 -0.982706   1.98225   2.43768  -1.01348  -2.16801
-0.194937 -0.969182   1.97663   2.43736  -1.04268  -2.16318
  -0.1574 -0.955658   1.97101   2.43704  -1.07189  -2.15836
-0.119863 -0.942133   1.96539   2.43671   -1.1011  -2.15353
-0.0823258 -0.928609   1.95977   2.43639  -1.13031  -2.14871
-0.0447888 -0.915085   1.95415   2.43607  -1.15951  -2.14388
-0.00725174 -0.901561   1.94853   2.43574  -1.18872  -2.13906
0.0302853 -0.888036   1.94291   2.43542  -1.21793  -2.13423
0.0678223 -0.874512   1.93729    2.4351  -1.24714   -2.1294
 0.105359 -0.860988   1.93167   2.43477  -1.27635  -2.12458
 0.142896 -0.847464   1.92604   2.43445  -1.30555  -2.11975
 0.180433 -0.833939   1.92042   2.43413  -1.33476  -2.11493
  0.21797 -0.820415    1.9148    2.4338  -1.36397   -2.1101
 0.255507 -0.806891   1.90918   2.43348  -1.39318  -2.10528
 0.293044 -0.793367   1.90356   2.43316  -1.42238  -2.10045
 0.330581 -0.779842   1.89794   2.43283  -1.45159  -2.09563
 0.368118 -0.766318   1.89232   2.43251   -1.4808   -2.0908
 0.405655 -0.752794    1.8867   2.43219  -1.51001  -2.08598
0.443192 -0.73927  1.88108  2.43186 -1.53921 -2.08115
 0.480729 -0.725745   1.87546   2.43154  -1.56842  -2.07632
 0.518266 -0.712221   1.86984   2.43122  -1.59763   -2.0715
 0.519835 -0.711656    1.8696    2.4312  -1.59885   -2.0713
 0.479476 -0.710683   1.85137   2.42982  -1.57898  -2.08317
 0.439116 -0.709711   1.83313   2.42843  -1.55911  -2.09504
 0.398756 -0.708738    1.8149   2.42705  -1.53924  -2.10691
 0.358397 -0.707766   1.79666   2.42566  -1.51937  -2.11878
 0.318037 -0.706793   1.77842   2.42428  -1.49951  -2.13065
 0.277677 -0.705821   1.76019   2.42289  -1.47964  -2.14252
 0.237317 -0.704848   1.74195   2.42151  -1.45977  -2.15439
 0.196958 -0.703876   1.72372   2.42012   -1.4399  -2.16626
 0.156598 -0.702903   1.70548   2.41874  -1.42003  -2.17813
 0.116238 -0.701931   1.68724   2.41735  -1.40016     -2.19
0.0758783 -0.700958   1.66901   2.41597  -1.38029  -2.20187
0.0355186 -0.699986   1.65077   2.41458  -1.36042  -2.21375
-0.00484117 -0.699013   1.63254    2.4132  -1.34056  -2.22562
-0.0452009 -0.69804   1.6143  2.41181 -1.32069 -2.23749
-0.0855607 -0.697068   1.59607   2.41043  -1.30082  -2.24936
 -0.12592 -0.696095   1.57783   2.40904  -1.28095  -2.26123
 -0.16628 -0.695123   1.55959   2.40766  -1.26108   -2.2731
-0.20664 -0.69415  1.54136  2.40627 -1.24121 -2.28497
   -0.247 -0.693178   1.52312   2.40489  -1.22134  -2.29684
-0.287359 -0.692205   1.50489    2.4035  -1.20147  -2.30871
-0.327719 -0.691233   1.48665   2.40212   -1.1816  -2.32058
-0.368079 -0.69026  1.46842  2.40073 -1.16174 -2.33245
-0.408439 -0.689288   1.45018   2.39935  -1.14187  -2.34432
