 2.08776 -1.42893 -1.85924 -2.99502 -2.62463 0.785399
 2.10472 -1.44667 -1.86188 -2.95412 -2.61283 0.794241
 2.12169 -1.46441 -1.86453 -2.91322 -2.60102 0.803082
 2.13866 -1.48215 -1.86718 -2.87232 -2.58921 0.811924
 2.15563 -1.49989 -1.86983 -2.83142  -2.5774 0.820766
 2.17259 -1.51763 -1.87247 -2.79052 -2.56559 0.829608
 2.18956 -1.53537 -1.87512 -2.74962 -2.55379 0.838449
 2.20653  -1.5531 -1.87777 -2.70872 -2.54198 0.847291
  2.2235 -1.57084 -1.88041 -2.66782 -2.53017 0.856133
 2.24047 -1.58858 -1.88306 -2.62692 -2.51836 0.864975
 2.25743 -1.60632 -1.88571 -2.58602 -2.50655 0.873816
  2.2744 -1.62406 -1.88835 -2.54512 -2.49475 0.882658
 2.29137  -1.6418   -1.891 -2.50422 -2.48294   0.8915
 2.30834 -1.65954 -1.89365 -2.46332 -2.47113 0.900342
  2.3253 -1.67728  -1.8963 -2.42242 -2.45932 0.909184
 2.34227 -1.69502 -1.89894 -2.38152 -2.44752 0.918025
 2.35924 -1.71276 -1.90159 -2.34062 -2.43571 0.926867
 2.37621  -1.7305 -1.90424 -2.29972  -2.4239 0.935709
 2.39317 -1.74824 -1.90688 -2.25882 -2.41209 0.944551
 2.41014 -1.76598 -1.90953 -2.21792 -2.40028 0.953392
 2.42711 -1.78372 -1.91218 -2.17702 -2.38848 0.962234
 2.44408 -1.80146 -1.91482 -2.13612 -2.37667 0.971076
 2.46105  -1.8192 -1.91747 -2.09522 -2.36486 0.979918
 2.47801 -1.83693 -1.92012 -2.05432 -2.35305  0.98876
 2.49498 -1.85467 -1.92277 -2.01342 -2.34124 0.997601
 2.51195 -1.87241 -1.92541 -1.97252 -2.32944  1.00644
 2.52892 -1.89015 -1.92806 -1.93162 -2.31763  1.01528
 2.54588 -1.90789 -1.93071 -1.89072 -2.30582  1.02413
 2.56285 -1.92563 -1.93335 -1.84982 -2.29401  1.03297
 2.57982 -1.94337   -1.936 -1.80892  -2.2822  1.04181
 2.59679 -1.96111 -1.93865 -1.76802  -2.2704  1.05065
 2.61375 -1.97885 -1.94129 -1.72712 -2.25859  1.05949
 2.63072 -1.99659 -1.94394 -1.68622 -2.24678  1.06834
 2.64769 -2.01433 -1.94659 -1.64532 -2.23497  1.07718
 2.66466 -2.03207 -1.94924 -1.60442 -2.22317  1.08602
 2.68163 -2.04981 -1.95188 -1.56352 -2.21136  1.09486
 2.69859 -2.06755 -1.95453 -1.52262 -2.19955   1.1037
 2.71556 -2.08529 -1.95718 -1.48172 -2.18774  1.11254
 2.73253 -2.10303 -1.95982 -1.44082 -2.17593  1.12139
  2.7495 -2.12076 -1.96247 -1.39992 -2.16413  1.13023
 2.76646  -2.1385 -1.96512 -1.35902 -2.15232  1.13907
 2.78343 -2.15624 -1.96776 -1.31812 -2.14051  1.14791
  2.8004 -2.17398 -1.97041 -1.27722  -2.1287  1.15675
 2.81391 -2.18811 -1.97252 -1.24465  -2.1193   1.1638
 2.82041 -2.18872 -1.95395 -1.28748 -2.10655  1.15307
  2.8269 -2.18934 -1.93538 -1.33032  -2.0938  1.14235
 2.83339 -2.18995  -1.9168 -1.37316 -2.08105  1.13163
 2.83988 -2.19056 -1.89823   -1.416  -2.0683   1.1209
 2.84637 -2.19118 -1.87966 -1.45883 -2.05555  1.11018
 2.85287 -2.19179 -1.86109 -1.50167  -2.0428  1.09946
 2.85936  -2.1924 -1.84252 -1.54451 -2.03005  1.08873
 2.86585 -2.19301 -1.82395 -1.58734  -2.0173  1.07801
 2.87234 -2.19363 -1.80537 -1.63018 -2.00455  1.06729
 2.87884 -2.19424  -1.7868 -1.67302  -1.9918  1.05656
 2.88533 -2.19485 -1.76823 -1.71586 -1.97905  1.04584
 2.89182 -2.19546 -1.74966 -1.75869  -1.9663  1.03512
 2.89831 -2.19608 -1.73109 -1.80153 -1.95355   1.0244
 2.90481 -2.19669 -1.71252 -1.84437  -1.9408  1.01367
  2.9113  -2.1973 -1.69395  -1.8872 -1.92805  1.00295
 2.91779 -2.19792 -1.67537 -1.93004  -1.9153 0.992226
 2.92428 -2.19853  -1.6568 -1.97288 -1.90255 0.981503
 2.93078 -2.19914 -1.63823 -2.01572  -1.8898  0.97078
 2.93727 -2.19975 -1.61966 -2.05855 -1.87705 0.960057
 2.94376 -2.20037 -1.60109 -2.10139  -1.8643 0.949334
 2.95025 -2.20098 -1.58252 -2.14423 -1.85155 0.938611
 2.95674 -2.20159 -1.56394 -2.18707  -1.8388 0.927887
 2.96324  -2.2022 -1.54537  -2.2299 -1.82605 0.917164
 2.96973 -2.20282  -1.5268 -2.27274  -1.8133 0.906441
 2.97622 -2.20343 -1.50823 -2.31558 -1.80055 0.895718
 2.98271 -2.20404 -1.48966 -2.35841  -1.7878 0.884995
 2.98921 -2.20466 -1.47109 -2.40125 -1.77505 0.874272
  2.9957 -2.20527 -1.45251 -2.44409  -1.7623 0.863549
 3.00219 -2.20588 -1.43394 -2.48693 -1.74955 0.852826
 3.00868 -2.20649 -1.41537 -2.52976  -1.7368 0.842103
 3.01518 -2.20711  -1.3968  -2.5726 -1.72405  0.83138
 3.02167 -2.20772 -1.37823 -2.61544  -1.7113 0.820657
 3.02816 -2.20833 -1.35966 -2.65827 -1.69855 0.809933
 3.03465 -2.20894 -1.34108 -2.70111  -1.6858  0.79921
 3.04114 -2.20956 -1.32251 -2.74395 -1.67305 0.788487
