-1.69642 -1.51015  2.20146  2.45029 0.125621  -2.3562
-1.66693 -1.49112  2.18862  2.44103 0.102744 -2.33397
 -1.63743  -1.47209   2.17579   2.43177 0.0798662  -2.31174
 -1.60794  -1.45306   2.16295   2.42251 0.0569889  -2.28951
 -1.57845  -1.43403   2.15011   2.41324 0.0341115  -2.26728
 -1.54896  -1.41501   2.13727   2.40398 0.0112342  -2.24505
  -1.51947   -1.39598    2.12444    2.39472 -0.0116432   -2.22282
  -1.48998   -1.37695     2.1116    2.38546 -0.0345205   -2.20058
  -1.46049   -1.35792    2.09876     2.3762 -0.0573979   -2.17835
    -1.431   -1.33889    2.08592    2.36694 -0.0802752   -2.15612
 -1.40151  -1.31986   2.07309   2.35768 -0.103153  -2.13389
-1.37201 -1.30083  2.06025  2.34841 -0.12603 -2.11166
 -1.34252   -1.2818   2.04741   2.33915 -0.148907  -2.08943
 -1.31303  -1.26277   2.03457   2.32989 -0.171785   -2.0672
 -1.28354  -1.24374   2.02174   2.32063 -0.194662  -2.04497
 -1.25405  -1.22471    2.0089   2.31137 -0.217539  -2.02274
 -1.22456  -1.20568   1.99606   2.30211 -0.240417  -2.00051
 -1.19507  -1.18665   1.98322   2.29285 -0.263294  -1.97827
 -1.16558  -1.16763   1.97039   2.28358 -0.286171  -1.95604
 -1.13609   -1.1486   1.95755   2.27432 -0.309049  -1.93381
 -1.10659  -1.12957   1.94471   2.26506 -0.331926  -1.91158
  -1.0771  -1.11054   1.93187    2.2558 -0.354803  -1.88935
 -1.04761  -1.09151   1.91904   2.24654 -0.377681  -1.86712
 -1.01812  -1.07248    1.9062   2.23728 -0.400558  -1.84489
 -0.98863  -1.05345   1.89336   2.22802 -0.423435  -1.82266
-0.959139  -1.03442   1.88053   2.21875 -0.446313  -1.80043
-0.929648 -1.01539  1.86769  2.20949 -0.46919  -1.7782
-0.900156 -0.996363   1.85485   2.20023 -0.492067  -1.75596
-0.870665 -0.977334   1.84201   2.19097 -0.514945  -1.73373
-0.841174 -0.958305   1.82918   2.18171 -0.537822   -1.7115
-0.811683 -0.939275   1.81634   2.17245   -0.5607  -1.68927
-0.782192 -0.920246    1.8035   2.16319 -0.583577  -1.66704
-0.752701 -0.901217   1.79066   2.15392 -0.606454  -1.64481
 -0.72321 -0.882188   1.77783   2.14466 -0.629332  -1.62258
-0.693718 -0.863159   1.76499    2.1354 -0.652209  -1.60035
-0.664227 -0.844129   1.75215   2.12614 -0.675086  -1.57812
-0.634736   -0.8251   1.73931   2.11688 -0.697964  -1.55589
-0.605245 -0.806071   1.72648   2.10762 -0.720841  -1.53366
-0.575754 -0.787042   1.71364   2.09836 -0.743718  -1.51142
-0.546263 -0.768013    1.7008   2.08909 -0.766596  -1.48919
-0.516772 -0.748984   1.68796   2.07983 -0.789473  -1.46696
-0.487281 -0.729954   1.67513   2.07057  -0.81235  -1.44473
-0.486879 -0.729695   1.67495   2.07044 -0.812662  -1.44443
 -0.48506 -0.727719   1.66335   2.08608 -0.827433  -1.48796
-0.483242 -0.725743   1.65174   2.10172 -0.842203   -1.5315
-0.481424 -0.723767   1.64014   2.11736 -0.856974  -1.57504
-0.479605 -0.721792   1.62854     2.133 -0.871745  -1.61857
-0.477787 -0.719816   1.61693   2.14864 -0.886515  -1.66211
-0.475969  -0.71784   1.60533   2.16428 -0.901286  -1.70565
 -0.47415 -0.715864   1.59373   2.17992 -0.916056  -1.74918
-0.472332 -0.713888   1.58212   2.19556 -0.930827  -1.79272
-0.470514 -0.711912   1.57052   2.21119 -0.945598  -1.83625
-0.468695 -0.709936   1.55892   2.22683 -0.960368  -1.87979
-0.466877  -0.70796   1.54731   2.24247 -0.975139  -1.92333
-0.465059 -0.705985   1.53571   2.25811 -0.989909  -1.96686
-0.463241 -0.704009   1.52411   2.27375  -1.00468   -2.0104
-0.461422 -0.702033    1.5125   2.28939  -1.01945  -2.05394
-0.459604 -0.700057    1.5009   2.30503  -1.03422  -2.09747
-0.457786 -0.698081    1.4893   2.32067  -1.04899  -2.14101
-0.455967 -0.696105   1.47769    2.3363  -1.06376  -2.18454
-0.454149 -0.694129   1.46609   2.35194  -1.07853  -2.22808
-0.452331 -0.692154   1.45449   2.36758   -1.0933  -2.27162
-0.450512 -0.690178   1.44288   2.38322  -1.10807  -2.31515
