-1.69642 -1.51015  2.20146  2.45029 0.125621  -2.3562
-1.66451 -1.48902  2.18375  2.44309 0.101376 -2.34714
 -1.63261  -1.46789   2.16603   2.43589 0.0771312  -2.33808
 -1.60071  -1.44675   2.14832   2.42869 0.0528863  -2.32901
 -1.56881  -1.42562    2.1306   2.42148 0.0286414  -2.31995
   -1.5369   -1.40449    2.11289    2.41428 0.00439658   -2.31089
    -1.505   -1.38335    2.09517    2.40708 -0.0198483   -2.30183
   -1.4731   -1.36222    2.07746    2.39988 -0.0440932   -2.29277
 -1.44119  -1.34109   2.05974   2.39268 -0.068338   -2.2837
  -1.40929   -1.31995    2.04203    2.38548 -0.0925829   -2.27464
 -1.37739  -1.29882   2.02431   2.37828 -0.116828  -2.26558
 -1.34549  -1.27769    2.0066   2.37107 -0.141073  -2.25652
 -1.31358  -1.25656   1.98888   2.36387 -0.165317  -2.24746
 -1.28168  -1.23542   1.97117   2.35667 -0.189562  -2.23839
 -1.24978  -1.21429   1.95345   2.34947 -0.213807  -2.22933
 -1.21788  -1.19316   1.93574   2.34227 -0.238052  -2.22027
 -1.18597  -1.17202   1.91802   2.33507 -0.262297  -2.21121
 -1.15407  -1.15089   1.90031   2.32787 -0.286542  -2.20215
 -1.12217  -1.12976   1.88259   2.32066 -0.310787  -2.19308
 -1.09026  -1.10862   1.86488   2.31346 -0.335032  -2.18402
 -1.05836  -1.08749   1.84716   2.30626 -0.359276  -2.17496
 -1.02646  -1.06636   1.82945   2.29906 -0.383521   -2.1659
-0.994556  -1.04523   1.81173   2.29186 -0.407766  -2.15684
-0.962653  -1.02409   1.79402   2.28466 -0.432011  -2.14777
 -0.93075  -1.00296    1.7763   2.27746 -0.456256  -2.13871
-0.898847 -0.981827   1.75859   2.27025 -0.480501  -2.12965
-0.866945 -0.960694   1.74087   2.26305 -0.504746  -2.12059
-0.835042 -0.939561   1.72316   2.25585  -0.52899  -2.11153
-0.803139 -0.918428   1.70545   2.24865 -0.553235  -2.10246
-0.771236 -0.897295   1.68773   2.24145  -0.57748   -2.0934
-0.739333 -0.876162   1.67002   2.23425 -0.601725  -2.08434
-0.707431 -0.855029    1.6523   2.22704  -0.62597  -2.07528
-0.675528 -0.833896   1.63459   2.21984 -0.650215  -2.06622
-0.643625 -0.812763   1.61687   2.21264  -0.67446  -2.05715
-0.611722  -0.79163   1.59916   2.20544 -0.698705  -2.04809
-0.602422  -0.78547   1.59399   2.20334 -0.705772  -2.04545
-0.589743 -0.777451   1.58062    2.2194 -0.740126   -2.0711
-0.577063 -0.769432   1.56724   2.23547  -0.77448  -2.09675
-0.564383 -0.761413   1.55387   2.25153 -0.808834  -2.12239
-0.551704 -0.753395   1.54049    2.2676 -0.843188  -2.14804
-0.539024 -0.745376   1.52712   2.28366 -0.877542  -2.17369
-0.526344 -0.737357   1.51374   2.29972 -0.911896  -2.19934
-0.513665 -0.729338   1.50037   2.31579  -0.94625  -2.22498
-0.500985 -0.721319   1.48699   2.33185 -0.980604  -2.25063
-0.488306  -0.7133  1.47362  2.34791 -1.01496 -2.27628
-0.475626 -0.705281   1.46024   2.36398  -1.04931  -2.30193
-0.462946 -0.697263   1.44687   2.38004  -1.08367  -2.32758
-0.450267 -0.689244   1.43349    2.3961  -1.11802  -2.35322
