-1.69642 -1.51015  2.20146  2.45029 0.125621  -2.3562
-1.65892 -1.48856  2.19989  2.44247 0.137639 -2.33571
-1.62142 -1.46697  2.19832  2.43465 0.149658 -2.31523
-1.58392 -1.44538  2.19676  2.42683 0.161676 -2.29474
-1.54642 -1.42379  2.19519  2.41901 0.173694 -2.27426
-1.50892  -1.4022  2.19362  2.41119 0.185713 -2.25377
-1.47142 -1.38062  2.19205  2.40337 0.197731 -2.23328
-1.43392 -1.35903  2.19048  2.39555  0.20975  -2.2128
-1.39642 -1.33744  2.18892  2.38773 0.221768 -2.19231
-1.35893 -1.31585  2.18735  2.37991 0.233786 -2.17183
-1.32143 -1.29426  2.18578  2.37209 0.245805 -2.15134
-1.28393 -1.27267  2.18421  2.36427 0.257823 -2.13085
-1.24643 -1.25108  2.18265  2.35645 0.269841 -2.11037
-1.20893 -1.22949  2.18108  2.34863  0.28186 -2.08988
-1.17143  -1.2079  2.17951  2.34081 0.293878  -2.0694
-1.13393 -1.18631  2.17794  2.33299 0.305896 -2.04891
-1.09643 -1.16472  2.17637  2.32517 0.317915 -2.02842
-1.05893 -1.14313  2.17481  2.31735 0.329933 -2.00794
-1.02143 -1.12154  2.17324  2.30953 0.341952 -1.98745
-0.983935 -1.09996  2.17167  2.30171  0.35397 -1.96697
-0.946436 -1.07837   2.1701  2.29389 0.365988 -1.94648
-0.908937 -1.05678  2.16853  2.28607 0.378007 -1.92599
-0.871438 -1.03519  2.16697  2.27825 0.390025 -1.90551
-0.833939  -1.0136   2.1654  2.27043 0.402043 -1.88502
 -0.79644 -0.992009   2.16383   2.26262  0.414062  -1.86454
-0.758941 -0.97042  2.16226   2.2548  0.42608 -1.84405
-0.721442 -0.948831   2.16069   2.24698  0.438099  -1.82356
-0.683943 -0.927241   2.15913   2.23916  0.450117  -1.80308
-0.646444 -0.905652   2.15756   2.23134  0.462135  -1.78259
-0.608945 -0.884063   2.15599   2.22352  0.474154  -1.76211
-0.571446 -0.862473   2.15442    2.2157  0.486172  -1.74162
-0.533947 -0.840884   2.15286   2.20788   0.49819  -1.72113
-0.496448 -0.819295   2.15129   2.20006  0.510209  -1.70065
-0.458949 -0.797706   2.14972   2.19224  0.522227  -1.68016
 -0.42145 -0.776116   2.14815   2.18442  0.534246  -1.65968
-0.383951 -0.754527   2.14658    2.1766  0.546264  -1.63919
-0.346452 -0.732938   2.14502   2.16878  0.558282   -1.6187
-0.308953 -0.711349   2.14345   2.16096  0.570301  -1.59822
-0.277422 -0.693196   2.14213   2.15438  0.580406  -1.58099
-0.281658 -0.693075   2.12458    2.1604  0.538328  -1.60015
-0.285894 -0.692954   2.10702   2.16642   0.49625  -1.61931
 -0.29013 -0.692834   2.08947   2.17244  0.454172  -1.63847
-0.294366 -0.692713   2.07192   2.17846  0.412095  -1.65763
-0.298601 -0.692592   2.05436   2.18449  0.370017   -1.6768
-0.302837 -0.692472   2.03681   2.19051  0.327939  -1.69596
-0.307073 -0.692351   2.01926   2.19653  0.285861  -1.71512
-0.311309 -0.692231    2.0017   2.20255  0.243783  -1.73428
-0.315545 -0.69211  1.98415  2.20857 0.201705 -1.75344
-0.319781 -0.691989   1.96659   2.21459  0.159627   -1.7726
-0.324017 -0.691869   1.94904   2.22061  0.117549  -1.79176
-0.328252 -0.691748   1.93149   2.22663 0.0754714  -1.81092
-0.332488 -0.691627   1.91393   2.23265 0.0333935  -1.83008
  -0.336724   -0.691507     1.89638     2.23867 -0.00868441    -1.84924
  -0.34096  -0.691386    1.87883    2.24469 -0.0507623    -1.8684
 -0.345196  -0.691266    1.86127    2.25071 -0.0928402   -1.88756
-0.349432 -0.691145   1.84372   2.25673 -0.134918  -1.90672
-0.353668 -0.691024   1.82617   2.26275 -0.176996  -1.92588
-0.357904 -0.690904   1.80861   2.26877 -0.219074  -1.94504
-0.362139 -0.690783   1.79106   2.27479 -0.261152   -1.9642
-0.366375 -0.690662   1.77351   2.28081  -0.30323  -1.98336
-0.370611 -0.690542   1.75595   2.28683 -0.345308  -2.00252
-0.374847 -0.690421    1.7384   2.29285 -0.387385  -2.02168
-0.379083 -0.690301   1.72085   2.29888 -0.429463  -2.04084
-0.383319  -0.69018   1.70329    2.3049 -0.471541     -2.06
-0.387555 -0.690059   1.68574   2.31092 -0.513619  -2.07916
 -0.39179 -0.689939   1.66819   2.31694 -0.555697  -2.09832
-0.396026 -0.689818   1.65063   2.32296 -0.597775  -2.11748
-0.400262 -0.689697   1.63308   2.32898 -0.639853  -2.13665
-0.404498 -0.689577   1.61553     2.335 -0.681931  -2.15581
-0.408734 -0.689456   1.59797   2.34102 -0.724009  -2.17497
 -0.41297 -0.689335   1.58042   2.34704 -0.766087  -2.19413
-0.417206 -0.689215   1.56286   2.35306 -0.808164  -2.21329
-0.421441 -0.689094   1.54531   2.35908 -0.850242  -2.23245
-0.425677 -0.688974   1.52776    2.3651  -0.89232  -2.25161
-0.429913 -0.688853    1.5102   2.37112 -0.934398  -2.27077
-0.434149 -0.688732   1.49265   2.37714 -0.976476  -2.28993
-0.438385 -0.688612    1.4751   2.38316  -1.01855  -2.30909
-0.442621 -0.688491   1.45754   2.38918  -1.06063  -2.32825
-0.446857 -0.68837  1.43999   2.3952 -1.10271 -2.34741
