-1.69642 -1.51015  2.20146  2.45029 0.125621  -2.3562
-1.66252 -1.48905  2.18395  2.44826 0.101252 -2.35526
 -1.62862  -1.46794   2.16645   2.44623 0.0768824  -2.35431
 -1.59472  -1.44683   2.14894    2.4442 0.0525132  -2.35337
 -1.56082  -1.42573   2.13143   2.44217 0.0281439  -2.35243
  -1.52692   -1.40462    2.11393    2.44013 0.00377464   -2.35148
  -1.49302   -1.38352    2.09642     2.4381 -0.0205946   -2.35054
  -1.45912   -1.36241    2.07892    2.43607 -0.0449639   -2.34959
  -1.42522   -1.34131    2.06141    2.43404 -0.0693331   -2.34865
  -1.39132    -1.3202     2.0439    2.43201 -0.0937024   -2.34771
 -1.35742   -1.2991    2.0264   2.42998 -0.118072  -2.34676
 -1.32352  -1.27799   2.00889   2.42795 -0.142441  -2.34582
-1.28962 -1.25689  1.99138  2.42592 -0.16681 -2.34487
 -1.25572  -1.23578   1.97388   2.42388 -0.191179  -2.34393
 -1.22182  -1.21467   1.95637   2.42185 -0.215549  -2.34299
 -1.18792  -1.19357   1.93886   2.41982 -0.239918  -2.34204
 -1.15402  -1.17246   1.92136   2.41779 -0.264287   -2.3411
 -1.12012  -1.15136   1.90385   2.41576 -0.288656  -2.34015
 -1.08622  -1.13025   1.88634   2.41373 -0.313026  -2.33921
 -1.05232  -1.10915   1.86884    2.4117 -0.337395  -2.33827
 -1.01842  -1.08804   1.85133   2.40967 -0.361764  -2.33732
-0.984519  -1.06694   1.83383   2.40763 -0.386133  -2.33638
-0.950619  -1.04583   1.81632    2.4056 -0.410503  -2.33543
-0.916719  -1.02472   1.79881   2.40357 -0.434872  -2.33449
-0.882819  -1.00362   1.78131   2.40154 -0.459241  -2.33355
-0.848919 -0.982514    1.7638   2.39951  -0.48361   -2.3326
-0.815019 -0.961408   1.74629   2.39748  -0.50798  -2.33166
-0.781119 -0.940303   1.72879   2.39545 -0.532349  -2.33071
-0.747219 -0.919197   1.71128   2.39342 -0.556718  -2.32977
-0.713319 -0.898092   1.69377   2.39138 -0.581087  -2.32883
-0.679419 -0.876986   1.67627   2.38935 -0.605457  -2.32788
-0.645519 -0.855881   1.65876   2.38732 -0.629826  -2.32694
 -0.61162 -0.834775   1.64125   2.38529 -0.654195  -2.32599
 -0.57772 -0.813669   1.62375   2.38326 -0.678564  -2.32505
 -0.54382 -0.792564   1.60624   2.38123 -0.702934  -2.32411
-0.539298 -0.789749   1.60391   2.38096 -0.706184  -2.32398
-0.529701 -0.778992   1.58567   2.38276 -0.750282   -2.3274
-0.520103 -0.768235   1.56743   2.38456  -0.79438  -2.33081
-0.510505 -0.757477    1.5492   2.38637 -0.838478  -2.33423
-0.500907  -0.74672   1.53096   2.38817 -0.882576  -2.33765
 -0.49131 -0.735962   1.51272   2.38998 -0.926675  -2.34106
-0.481712 -0.725205   1.49448   2.39178 -0.970773  -2.34448
-0.472114 -0.714448   1.47625   2.39358  -1.01487  -2.34789
-0.462516 -0.70369  1.45801  2.39539 -1.05897 -2.35131
-0.452919 -0.692933   1.43977   2.39719  -1.10307  -2.35473
