 2.08776 -1.42893 -1.85924 -2.99502 -2.62463 0.785399
 2.11346  -1.4416 -1.85681  -2.9816 -2.61279 0.748623
 2.13916 -1.45427 -1.85438 -2.96818 -2.60094 0.711846
 2.16487 -1.46694 -1.85195 -2.95476  -2.5891  0.67507
 2.19057 -1.47961 -1.84952 -2.94134 -2.57725 0.638294
 2.21627 -1.49228 -1.84709 -2.92792 -2.56541 0.601518
 2.24197 -1.50495 -1.84466 -2.91449 -2.55356 0.564742
 2.26768 -1.51762 -1.84223 -2.90107 -2.54171 0.527966
 2.29338 -1.53029  -1.8398 -2.88765 -2.52987  0.49119
 2.31908 -1.54296 -1.83737 -2.87423 -2.51802 0.454413
 2.34479 -1.55563 -1.83495 -2.86081 -2.50618 0.417637
 2.37049  -1.5683 -1.83252 -2.84739 -2.49433 0.380861
 2.39619 -1.58097 -1.83009 -2.83397 -2.48249 0.344085
  2.4219 -1.59364 -1.82766 -2.82055 -2.47064 0.307309
  2.4476 -1.60631 -1.82523 -2.80713 -2.45879 0.270533
  2.4733 -1.61898  -1.8228 -2.79371 -2.44695 0.233757
 2.49901 -1.63165 -1.82037 -2.78029  -2.4351  0.19698
 2.52471 -1.64432 -1.81794 -2.76687 -2.42326 0.160204
 2.55041 -1.65699 -1.81551 -2.75345 -2.41141 0.123428
 2.57612 -1.66966 -1.81308 -2.74003 -2.39957 0.086652
  2.60182  -1.68233  -1.81065  -2.72661  -2.38772 0.0498759
  2.62752    -1.695  -1.80822  -2.71319  -2.37588 0.0130998
   2.65323   -1.70767   -1.80579   -2.69976   -2.36403 -0.0236764
   2.67893   -1.72034   -1.80337   -2.68634   -2.35218 -0.0604525
   2.70463   -1.73301   -1.80094   -2.67292   -2.34034 -0.0972287
  2.73034  -1.74568  -1.79851   -2.6595  -2.32849 -0.134005
  2.75604  -1.75835  -1.79608  -2.64608  -2.31665 -0.170781
  2.78174  -1.77102  -1.79365  -2.63266   -2.3048 -0.207557
  2.80744  -1.78369  -1.79122  -2.61924  -2.29296 -0.244333
  2.83315  -1.79636  -1.78879  -2.60582  -2.28111 -0.281109
  2.85885  -1.80903  -1.78636   -2.5924  -2.26926 -0.317886
  2.88455   -1.8217  -1.78393  -2.57898  -2.25742 -0.354662
  2.91026  -1.83437   -1.7815  -2.56556  -2.24557 -0.391438
  2.93596  -1.84704  -1.77907  -2.55214  -2.23373 -0.428214
  2.93972  -1.84889  -1.77872  -2.55017    -2.232 -0.433592
   2.9432  -1.86106  -1.76315  -2.55712  -2.21302 -0.392489
  2.94668  -1.87323  -1.74759  -2.56407  -2.19405 -0.351386
  2.95017  -1.88539  -1.73203  -2.57102  -2.17508 -0.310284
  2.95365  -1.89756  -1.71647  -2.57797  -2.15611 -0.269181
  2.95713  -1.90973   -1.7009  -2.58492  -2.13714 -0.228078
  2.96062  -1.92189  -1.68534  -2.59187  -2.11817 -0.186976
   2.9641  -1.93406  -1.66978  -2.59882   -2.0992 -0.145873
 2.96758 -1.94623 -1.65421 -2.60577 -2.08023 -0.10477
   2.97107    -1.9584   -1.63865   -2.61272   -2.06126 -0.0636675
   2.97455   -1.97056   -1.62309   -2.61967   -2.04229 -0.0225648
  2.97803  -1.98273  -1.60752  -2.62662  -2.02332 0.0185378
  2.98151   -1.9949  -1.59196  -2.63357  -2.00435 0.0596405
   2.985 -2.00706  -1.5764 -2.64052 -1.98537 0.100743
 2.98848 -2.01923 -1.56084 -2.64747  -1.9664 0.141846
 2.99196  -2.0314 -1.54527 -2.65442 -1.94743 0.182949
 2.99545 -2.04357 -1.52971 -2.66137 -1.92846 0.224051
 2.99893 -2.05573 -1.51415 -2.66832 -1.90949 0.265154
 3.00241  -2.0679 -1.49858 -2.67527 -1.89052 0.306257
  3.0059 -2.08007 -1.48302 -2.68222 -1.87155 0.347359
 3.00938 -2.09223 -1.46746 -2.68917 -1.85258 0.388462
 3.01286  -2.1044 -1.45189 -2.69612 -1.83361 0.429565
 3.01634 -2.11657 -1.43633 -2.70307 -1.81464 0.470667
 3.01983 -2.12873 -1.42077 -2.71002 -1.79567  0.51177
 3.02331  -2.1409 -1.40521 -2.71697  -1.7767 0.552873
 3.02679 -2.15307 -1.38964 -2.72392 -1.75772 0.593975
 3.03028 -2.16524 -1.37408 -2.73087 -1.73875 0.635078
 3.03376  -2.1774 -1.35852 -2.73782 -1.71978 0.676181
 3.03724 -2.18957 -1.34295 -2.74477 -1.70081 0.717283
 3.04073 -2.20174 -1.32739 -2.75172 -1.68184 0.758386
