-1.69642 -1.51015  2.20146  2.45029 0.125621  -2.3562
-1.65556 -1.49487  2.18697  2.44655 0.111443 -2.34306
 -1.61471   -1.4796   2.17249   2.44281 0.0972642  -2.32992
 -1.57386  -1.46432     2.158   2.43906 0.0830859  -2.31678
   -1.533  -1.44904   2.14352   2.43532 0.0689075  -2.30364
 -1.49215  -1.43376   2.12903   2.43158 0.0547291   -2.2905
 -1.45129  -1.41848   2.11455   2.42783 0.0405508  -2.27736
 -1.41044  -1.40321   2.10006   2.42409 0.0263724  -2.26421
 -1.36959  -1.38793   2.08558   2.42035 0.0121941  -2.25107
   -1.32873    -1.37265     2.07109     2.41661 -0.00198426    -2.23793
  -1.28788   -1.35737     2.0566    2.41286 -0.0161626   -2.22479
 -1.24702  -1.34209   2.04212   2.40912 -0.030341  -2.21165
  -1.20617   -1.32682    2.02763    2.40538 -0.0445193   -2.19851
  -1.16532   -1.31154    2.01315    2.40164 -0.0586977   -2.18537
 -1.12446  -1.29626   1.99866   2.39789 -0.072876  -2.17223
  -1.08361   -1.28098    1.98418    2.39415 -0.0870544   -2.15909
 -1.04276  -1.26571   1.96969   2.39041 -0.101233  -2.14595
  -1.0019  -1.25043   1.95521   2.38666 -0.115411   -2.1328
-0.961048  -1.23515   1.94072   2.38292 -0.129589  -2.11966
-0.920194  -1.21987   1.92623   2.37918 -0.143768  -2.10652
 -0.87934  -1.20459   1.91175   2.37544 -0.157946  -2.09338
-0.838487  -1.18932   1.89726   2.37169 -0.172125  -2.08024
-0.797633  -1.17404   1.88278   2.36795 -0.186303   -2.0671
-0.756779  -1.15876   1.86829   2.36421 -0.200481  -2.05396
-0.715925 -1.14348  1.85381  2.36047 -0.21466 -2.04082
-0.675071   -1.1282   1.83932   2.35672 -0.228838  -2.02768
-0.634217  -1.11293   1.82483   2.35298 -0.243016  -2.01454
-0.593363  -1.09765   1.81035   2.34924 -0.257195  -2.00139
 -0.55251  -1.08237   1.79586    2.3455 -0.271373  -1.98825
-0.511656  -1.06709   1.78138   2.34175 -0.285551  -1.97511
-0.470802 -1.05182  1.76689  2.33801 -0.29973 -1.96197
-0.429948  -1.03654   1.75241   2.33427 -0.313908  -1.94883
-0.389094  -1.02126   1.73792   2.33052 -0.328086  -1.93569
 -0.34824  -1.00598   1.72344   2.32678 -0.342265  -1.92255
-0.307387 -0.990704   1.70895   2.32304 -0.356443  -1.90941
-0.266533 -0.975426   1.69446    2.3193 -0.370621  -1.89627
-0.225679 -0.960148   1.67998   2.31555   -0.3848  -1.88313
-0.184825  -0.94487   1.66549   2.31181 -0.398978  -1.86999
-0.143971 -0.929593   1.65101   2.30807 -0.413157  -1.85684
-0.103117 -0.914315   1.63652   2.30433 -0.427335   -1.8437
-0.0622636 -0.899037   1.62204   2.30058 -0.441513  -1.83056
-0.0214097 -0.883759   1.60755   2.29684 -0.455692  -1.81742
0.0194441 -0.868481   1.59307    2.2931  -0.46987  -1.80428
0.0602979 -0.853203   1.57858   2.28936 -0.484048  -1.79114
 0.101152 -0.837925   1.56409   2.28561 -0.498227    -1.778
 0.142006 -0.822647   1.54961   2.28187 -0.512405  -1.76486
 0.182859  -0.80737   1.53512   2.27813 -0.526583  -1.75172
 0.223713 -0.792092   1.52064   2.27438 -0.540762  -1.73858
 0.241412 -0.785473   1.51436   2.27276 -0.546904  -1.73288
 0.211105 -0.777989   1.50982    2.2772 -0.578377  -1.75512
 0.180798 -0.770506   1.50527   2.28164 -0.609851  -1.77736
 0.150491 -0.763023   1.50073   2.28608 -0.641324   -1.7996
 0.120183 -0.755539   1.49619   2.29051 -0.672797  -1.82184
0.0898761 -0.748056   1.49164   2.29495  -0.70427  -1.84408
0.0595689 -0.740572    1.4871   2.29939 -0.735744  -1.86632
0.0292616 -0.733089   1.48255   2.30383 -0.767217  -1.88855
-0.00104565 -0.725605   1.47801   2.30826  -0.79869  -1.91079
-0.0313529 -0.718122   1.47347    2.3127 -0.830163  -1.93303
-0.0616602 -0.710638   1.46892   2.31714 -0.861636  -1.95527
-0.0919674 -0.703155   1.46438   2.32158  -0.89311  -1.97751
-0.122275 -0.695672   1.45984   2.32601 -0.924583  -1.99975
-0.152582 -0.688188   1.45529   2.33045 -0.956056  -2.02199
-0.182889 -0.680705   1.45075   2.33489 -0.987529  -2.04423
-0.213197 -0.673221    1.4462   2.33933    -1.019  -2.06647
-0.243504 -0.665738   1.44166   2.34376  -1.05048   -2.0887
-0.273811 -0.658254   1.43712    2.3482  -1.08195  -2.11094
-0.304118 -0.650771   1.43257   2.35264  -1.11342  -2.13318
-0.334426 -0.643287   1.42803   2.35708   -1.1449  -2.15542
-0.364733 -0.635804   1.42348   2.36151  -1.17637  -2.17766
-0.388979 -0.629817   1.41985   2.36506  -1.20155  -2.19545
-0.40386 -0.64437  1.42286  2.37325 -1.18176 -2.23544
-0.418742 -0.658923   1.42587   2.38143  -1.16197  -2.27543
-0.433623 -0.673475   1.42888   2.38962  -1.14218  -2.31542
-0.448505 -0.688028   1.43188    2.3978  -1.12239   -2.3554
