 2.08776 -1.42893 -1.85924 -2.99502 -2.62463 0.785399
 2.10869 -1.44904 -1.85911 -2.95986 -2.61559  0.76696
 2.12962 -1.46914 -1.85899 -2.92471 -2.60654 0.748522
 2.15055 -1.48925 -1.85886 -2.88956  -2.5975 0.730084
 2.17148 -1.50936 -1.85873  -2.8544 -2.58846 0.711645
 2.19241 -1.52946 -1.85861 -2.81925 -2.57941 0.693207
 2.21334 -1.54957 -1.85848 -2.78409 -2.57037 0.674768
 2.23428 -1.56968 -1.85836 -2.74894 -2.56132  0.65633
 2.25521 -1.58978 -1.85823 -2.71379 -2.55228 0.637892
 2.27614 -1.60989  -1.8581 -2.67863 -2.54323 0.619453
 2.29707    -1.63 -1.85798 -2.64348 -2.53419 0.601015
   2.318  -1.6501 -1.85785 -2.60833 -2.52514 0.582576
 2.33893 -1.67021 -1.85773 -2.57317  -2.5161 0.564138
 2.35986 -1.69032  -1.8576 -2.53802 -2.50705   0.5457
 2.38079 -1.71042 -1.85748 -2.50286 -2.49801 0.527261
 2.40173 -1.73053 -1.85735 -2.46771 -2.48897 0.508823
 2.42266 -1.75064 -1.85722 -2.43256 -2.47992 0.490385
 2.44359 -1.77074  -1.8571  -2.3974 -2.47088 0.471946
 2.46452 -1.79085 -1.85697 -2.36225 -2.46183 0.453508
 2.48545 -1.81096 -1.85685 -2.32709 -2.45279 0.435069
 2.50638 -1.83106 -1.85672 -2.29194 -2.44374 0.416631
 2.52731 -1.85117 -1.85659 -2.25679  -2.4347 0.398193
 2.54825 -1.87128 -1.85647 -2.22163 -2.42565 0.379754
 2.56918 -1.89139 -1.85634 -2.18648 -2.41661 0.361316
 2.59011 -1.91149 -1.85622 -2.15132 -2.40756 0.342877
 2.61104  -1.9316 -1.85609 -2.11617 -2.39852 0.324439
 2.63197 -1.95171 -1.85597 -2.08102 -2.38948 0.306001
  2.6529 -1.97181 -1.85584 -2.04586 -2.38043 0.287562
 2.67383 -1.99192 -1.85571 -2.01071 -2.37139 0.269124
 2.69476 -2.01203 -1.85559 -1.97555 -2.36234 0.250686
  2.7157 -2.03213 -1.85546  -1.9404  -2.3533 0.232247
 2.73663 -2.05224 -1.85534 -1.90525 -2.34425 0.213809
 2.75756 -2.07235 -1.85521 -1.87009 -2.33521  0.19537
 2.77849 -2.09245 -1.85508 -1.83494 -2.32616 0.176932
 2.79942 -2.11256 -1.85496 -1.79978 -2.31712 0.158494
 2.82035 -2.13267 -1.85483 -1.76463 -2.30808 0.140055
 2.84128 -2.15277 -1.85471 -1.72948 -2.29903 0.121617
 2.86222 -2.17288 -1.85458 -1.69432 -2.28999 0.103178
 2.88315 -2.19299 -1.85446 -1.65917 -2.28094  0.08474
  2.90408  -2.21309  -1.85433  -1.62401   -2.2719 0.0663016
  2.92501   -2.2332   -1.8542  -1.58886  -2.26285 0.0478632
  2.94594  -2.25331  -1.85408  -1.55371  -2.25381 0.0294249
  2.96687  -2.27341  -1.85395  -1.51855  -2.24476 0.0109865
   2.98123    -2.2872   -1.85387   -1.49444   -2.23856 -0.0016585
  2.98306   -2.2849  -1.83792  -1.53192  -2.22165 0.0217196
   2.9849   -2.2826  -1.82198   -1.5694  -2.20475 0.0450978
  2.98673   -2.2803  -1.80604  -1.60689  -2.18784 0.0684759
  2.98857    -2.278   -1.7901  -1.64437  -2.17093 0.0918541
  2.9904  -2.2757 -1.77416 -1.68185 -2.15403 0.115232
 2.99224  -2.2734 -1.75821 -1.71933 -2.13712  0.13861
 2.99407  -2.2711 -1.74227 -1.75681 -2.12021 0.161988
 2.99591 -2.26879 -1.72633 -1.79429 -2.10331 0.185367
 2.99774 -2.26649 -1.71039 -1.83177  -2.0864 0.208745
 2.99958 -2.26419 -1.69445 -1.86925 -2.06949 0.232123
 3.00141 -2.26189 -1.67851 -1.90673 -2.05259 0.255501
 3.00325 -2.25959 -1.66256 -1.94421 -2.03568 0.278879
 3.00509 -2.25729 -1.64662  -1.9817 -2.01877 0.302257
 3.00692 -2.25499 -1.63068 -2.01918 -2.00187 0.325635
 3.00876 -2.25269 -1.61474 -2.05666 -1.98496 0.349014
 3.01059 -2.25039  -1.5988 -2.09414 -1.96805 0.372392
 3.01243 -2.24808 -1.58285 -2.13162 -1.95115  0.39577
 3.01426 -2.24578 -1.56691  -2.1691 -1.93424 0.419148
  3.0161 -2.24348 -1.55097 -2.20658 -1.91733 0.442526
 3.01793 -2.24118 -1.53503 -2.24406 -1.90043 0.465904
 3.01977 -2.23888 -1.51909 -2.28154 -1.88352 0.489282
  3.0216 -2.23658 -1.50315 -2.31902 -1.86661 0.512661
 3.02344 -2.23428  -1.4872  -2.3565 -1.84971 0.536039
 3.02527 -2.23198 -1.47126 -2.39399  -1.8328 0.559417
 3.02711 -2.22968 -1.45532 -2.43147 -1.81589 0.582795
 3.02894 -2.22737 -1.43938 -2.46895 -1.79899 0.606173
 3.03078 -2.22507 -1.42344 -2.50643 -1.78208 0.629551
 3.03262 -2.22277 -1.40749 -2.54391 -1.76517 0.652929
 3.03445 -2.22047 -1.39155 -2.58139 -1.74827 0.676308
 3.03629 -2.21817 -1.37561 -2.61887 -1.73136 0.699686
 3.03812 -2.21587 -1.35967 -2.65635 -1.71445 0.723064
 3.03996 -2.21357 -1.34373 -2.69383 -1.69755 0.746442
 3.04179 -2.21127 -1.32779 -2.73131 -1.68064  0.76982
