-1.69642 -1.51015  2.20146  2.45029 0.125621  -2.3562
 -1.66662  -1.49052   2.18308   2.44904 0.0958258   -2.3562
 -1.63683   -1.4709   2.16471   2.44779 0.0660306   -2.3562
 -1.60703  -1.45127   2.14633   2.44654 0.0362354   -2.3562
  -1.57724   -1.43164    2.12795    2.44529 0.00644028    -2.3562
  -1.54744   -1.41202    2.10957    2.44404 -0.0233549    -2.3562
-1.51765 -1.39239   2.0912  2.44279 -0.05315  -2.3562
  -1.48785   -1.37276    2.07282    2.44154 -0.0829452    -2.3562
-1.45806 -1.35314  2.05444  2.44029 -0.11274  -2.3562
 -1.42826  -1.33351   2.03606   2.43904 -0.142536   -2.3562
 -1.39847  -1.31388   2.01769   2.43779 -0.172331   -2.3562
 -1.36867  -1.29426   1.99931   2.43654 -0.202126   -2.3562
 -1.33888  -1.27463   1.98093   2.43529 -0.231921   -2.3562
 -1.30908    -1.255   1.96256   2.43405 -0.261716   -2.3562
 -1.27928  -1.23538   1.94418    2.4328 -0.291511   -2.3562
 -1.24949  -1.21575    1.9258   2.43155 -0.321306   -2.3562
 -1.21969  -1.19612   1.90742    2.4303 -0.351102   -2.3562
  -1.1899   -1.1765   1.88905   2.42905 -0.380897   -2.3562
  -1.1601  -1.15687   1.87067    2.4278 -0.410692   -2.3562
 -1.13031  -1.13724   1.85229   2.42655 -0.440487   -2.3562
 -1.12435  -1.13332   1.84862    2.4263 -0.446446   -2.3562
 -1.08789  -1.10299    1.8521   2.41396 -0.452629  -2.34929
 -1.05142  -1.07266   1.85558   2.40161 -0.458812  -2.34237
 -1.01496  -1.04232   1.85907   2.38927 -0.464995  -2.33546
-0.978496  -1.01199   1.86255   2.37693 -0.471177  -2.32855
-0.942032 -0.981663   1.86604   2.36459  -0.47736  -2.32164
-0.905568 -0.951332   1.86952   2.35225 -0.483543  -2.31473
-0.869105 -0.921001   1.87301   2.33991 -0.489726  -2.30782
-0.832641  -0.89067   1.87649   2.32757 -0.495908   -2.3009
-0.796177  -0.86034   1.87997   2.31523 -0.502091  -2.29399
-0.759714 -0.830009   1.88346   2.30289 -0.508274  -2.28708
 -0.72325 -0.799678   1.88694   2.29054 -0.514457  -2.28017
-0.686786 -0.769347   1.89043    2.2782  -0.52064  -2.27326
-0.650323 -0.739016   1.89391   2.26586 -0.526822  -2.26634
-0.632759 -0.724406   1.89559   2.25992   -0.5298  -2.26302
-0.625552  -0.73597    1.8616   2.26954 -0.562097  -2.25819
-0.618345 -0.747533   1.82761   2.27916 -0.594394  -2.25337
-0.611137 -0.759096   1.79361   2.28877 -0.626691  -2.24854
 -0.60393  -0.77066   1.75962   2.29839 -0.658988  -2.24372
-0.596723 -0.782223   1.72563   2.30801 -0.691285  -2.23889
-0.589516 -0.793787   1.69164   2.31763 -0.723582  -2.23406
-0.582309  -0.80535   1.65765   2.32725 -0.755879  -2.22924
-0.575101 -0.816913   1.62365   2.33687 -0.788176  -2.22441
-0.567894 -0.828477   1.58966   2.34649 -0.820472  -2.21959
 -0.56357 -0.835415   1.56927   2.35226 -0.839851  -2.21669
-0.548986 -0.816722   1.55182   2.35807 -0.875704  -2.23442
-0.534401  -0.79803   1.53437   2.36388 -0.911557  -2.25215
-0.519817 -0.779338   1.51692   2.36968  -0.94741  -2.26987
-0.505233 -0.760646   1.49947   2.37549 -0.983263   -2.2876
-0.490649 -0.741953   1.48202    2.3813  -1.01912  -2.30533
-0.476064 -0.723261   1.46457   2.38711  -1.05497  -2.32305
 -0.46148 -0.704569   1.44712   2.39291  -1.09082  -2.34078
