-1.69642 -1.51015  2.20146  2.45029 0.125621  -2.3562
 -1.66618  -1.49305   2.18354   2.44592 0.0949127  -2.35305
 -1.63595  -1.47594   2.16561   2.44156 0.0642046  -2.34989
 -1.60571  -1.45884   2.14769   2.43719 0.0334964  -2.34674
 -1.57548  -1.44173   2.12977   2.43283 0.0027882  -2.34358
-1.54524 -1.42463  2.11184  2.42846 -0.02792 -2.34043
  -1.51501   -1.40752    2.09392     2.4241 -0.0586282   -2.33727
  -1.48477   -1.39042    2.07599    2.41973 -0.0893363   -2.33412
 -1.45453  -1.37331   2.05807   2.41537 -0.120045  -2.33096
  -1.4243  -1.35621   2.04015     2.411 -0.150753  -2.32781
 -1.39406  -1.33911   2.02222   2.40663 -0.181461  -2.32466
 -1.36383    -1.322    2.0043   2.40227 -0.212169   -2.3215
 -1.33359   -1.3049   1.98638    2.3979 -0.242877  -2.31835
 -1.30336  -1.28779   1.96845   2.39354 -0.273585  -2.31519
 -1.27312  -1.27069   1.95053   2.38917 -0.304294  -2.31204
 -1.24289  -1.25358   1.93261   2.38481 -0.335002  -2.30888
-1.21265 -1.23648  1.91468  2.38044 -0.36571 -2.30573
 -1.18242  -1.21937   1.89676   2.37608 -0.396418  -2.30257
 -1.15218  -1.20227   1.87883   2.37171 -0.427126  -2.29942
 -1.12195  -1.18516   1.86091   2.36734 -0.457834  -2.29626
 -1.09171  -1.16806   1.84299   2.36298 -0.488543  -2.29311
 -1.06147  -1.15096   1.82506   2.35861 -0.519251  -2.28996
 -1.03124  -1.13385   1.80714   2.35425 -0.549959   -2.2868
   -1.001  -1.11675   1.78922   2.34988 -0.580667  -2.28365
-0.970769  -1.09964   1.77129   2.34552 -0.611375  -2.28049
-0.940534  -1.08254   1.75337   2.34115 -0.642084  -2.27734
-0.910298  -1.06543   1.73545   2.33679 -0.672792  -2.27418
-0.880063 -1.04833  1.71752  2.33242  -0.7035 -2.27103
-0.849828  -1.03122    1.6996   2.32805 -0.734208  -2.26787
-0.819592  -1.01412   1.68167   2.32369 -0.764916  -2.26472
-0.789357 -0.997015   1.66375   2.31932 -0.795624  -2.26157
-0.759122  -0.97991   1.64583   2.31496 -0.826333  -2.25841
-0.728886 -0.962806    1.6279   2.31059 -0.857041  -2.25526
-0.698651 -0.945701   1.60998   2.30623 -0.887749   -2.2521
-0.668416 -0.928596   1.59206   2.30186 -0.918457  -2.24895
-0.645379 -0.915564    1.5784   2.29854 -0.941854  -2.24654
-0.611046 -0.883238   1.57263   2.30755 -0.932503  -2.23793
-0.590446 -0.863842   1.56918   2.31296 -0.926893  -2.23275
 -0.57082 -0.839522   1.55016   2.32474 -0.953925  -2.24986
-0.551195 -0.815203   1.53115   2.33651 -0.980956  -2.26696
 -0.53157 -0.790884   1.51214   2.34829  -1.00799  -2.28406
-0.511945 -0.766565   1.49312   2.36007  -1.03502  -2.30116
 -0.49232 -0.742246   1.47411   2.37185  -1.06205  -2.31827
-0.472694 -0.717927   1.45509   2.38362  -1.08908  -2.33537
-0.453069 -0.693607   1.43608    2.3954  -1.11612  -2.35247
