-1.69642 -1.51015  2.20146  2.45029 0.125621  -2.3562
 -1.64874  -1.47875   2.17206   2.44829 0.0779487   -2.3562
 -1.60107  -1.44735   2.14265   2.44629 0.0302764   -2.3562
   -1.5534   -1.41594    2.11325    2.44429 -0.0173959    -2.3562
  -1.50573   -1.38454    2.08385    2.44229 -0.0650681    -2.3562
-1.45806 -1.35314  2.05444  2.44029 -0.11274  -2.3562
 -1.41038  -1.32173   2.02504   2.43829 -0.160413   -2.3562
 -1.36271  -1.29033   1.99563   2.43629 -0.208085   -2.3562
 -1.31504  -1.25893   1.96623   2.43429 -0.255757   -2.3562
 -1.26737  -1.22753   1.93683    2.4323 -0.303429   -2.3562
 -1.21969  -1.19612   1.90742    2.4303 -0.351102   -2.3562
 -1.17202  -1.16472   1.87802    2.4283 -0.398774   -2.3562
 -1.12435  -1.13332   1.84862    2.4263 -0.446446   -2.3562
 -1.07668  -1.10191   1.81921    2.4243 -0.494118   -2.3562
 -1.02901  -1.07051   1.78981    2.4223 -0.541791   -2.3562
-0.981333  -1.03911   1.76041    2.4203 -0.589463   -2.3562
-0.933661  -1.00771     1.731    2.4183 -0.637135   -2.3562
-0.885989 -0.976303    1.7016    2.4163 -0.684807   -2.3562
-0.838317  -0.9449  1.67219   2.4143 -0.73248  -2.3562
-0.790644 -0.913497   1.64279    2.4123 -0.780152   -2.3562
-0.742972 -0.882094   1.61339    2.4103 -0.827824  -2.35619
 -1.54635  -1.41516   2.08267   2.39344 0.0120853  -2.31194
 -1.53929  -1.41437   2.05209   2.34258 0.0415665  -2.26767
 -1.53224  -1.41359   2.02151   2.29173 0.0710476  -2.22341
-1.52518  -1.4128  1.99094  2.24087 0.100529 -2.17915
-1.51813 -1.41202  1.96036  2.19002  0.13001 -2.13488
-1.51107 -1.41124  1.92978  2.13917 0.159491 -2.09062
-1.50402 -1.41045   1.8992  2.08831 0.188972 -2.04636
-1.49696 -1.40967  1.86862  2.03746 0.218453 -2.00209
-1.49901 -1.35433  1.86418  2.02003 0.246058 -1.95468
-1.49556  -1.3766  1.82327  1.99121 0.293214 -1.92056
 -1.4921 -1.39887  1.78236  1.96239  0.34037 -1.88643
-1.48865 -1.42115  1.74146  1.93357 0.387525 -1.85231
-0.729841 -0.874449   1.57028   2.37901 -0.846386  -2.30154
 -0.71671 -0.866803   1.52717   2.34771 -0.864948  -2.24689
-0.703579 -0.859157   1.48406   2.31642  -0.88351  -2.19224
-0.690448 -0.851511   1.44095   2.28512 -0.902071  -2.13759
-0.677317 -0.843865   1.39784   2.25383 -0.920633  -2.08294
 -1.4515 -1.40484  1.69524  1.93388 0.431559 -1.87836
-1.41436 -1.38853  1.64901  1.93419 0.475593 -1.90441
-1.37721 -1.37222  1.60279   1.9345 0.519626 -1.93047
-1.34006 -1.35591  1.55657   1.9348  0.56366 -1.95652
-1.30292 -1.33959  1.51035  1.93511 0.607694 -1.98257
-1.26577 -1.32328  1.46413  1.93542 0.651727 -2.00862
-1.24423  -1.2959  1.47035  1.86461 0.656067 -1.99792
-1.22269 -1.26852  1.47657   1.7938 0.660406 -1.98721
-1.23329 -1.26512  1.43427  1.75276 0.686192 -1.94098
-0.682569 -0.81851   1.3949  2.18224 -0.93407 -2.10334
-0.687822 -0.793156   1.39196   2.11066 -0.947507  -2.12374
-0.693074 -0.767801   1.38902   2.03908 -0.960944  -2.14414
-1.52061 -1.41961  1.72538  1.95167   0.3693 -1.78555
-1.55258 -1.41808  1.70931  1.96977 0.351075 -1.71878
-1.58455 -1.41655  1.69324  1.98787  0.33285 -1.65202
-1.61652 -1.41501  1.67716  2.00597 0.314624 -1.58525
-1.64848 -1.41348  1.66109  2.02407 0.296399 -1.51848
-1.68045 -1.41194  1.64501  2.04217 0.278174 -1.45172
-1.71242 -1.41041  1.62894  2.06027 0.259949 -1.38495
-1.74439 -1.40887  1.61286  2.07837 0.241723 -1.31819
-1.77635 -1.40734  1.59679  2.09646 0.223498 -1.25142
-1.80832  -1.4058  1.58072  2.11456 0.205273 -1.18466
-1.84029 -1.40427  1.56464  2.13266 0.187048 -1.11789
-0.720465 -0.778302   1.31477   2.03921 -0.964168  -2.14014
-1.84374 -1.42456  1.55333  2.13829 0.209236 -1.04493
-1.81861 -1.43685  1.51491  2.10712 0.244684 -1.00118
 -1.79349  -1.44915   1.47649   2.07596  0.280132 -0.957428
-1.76837 -1.46144  1.43807  2.04479  0.31558 -0.91368
 -1.74325  -1.47373   1.39965   2.01363  0.351028 -0.869931
 -1.71812  -1.48602   1.36123   1.98246  0.386476 -0.826183
-1.15094 -1.29316  1.49585  1.80315 0.660663 -1.97359
-1.07919 -1.31779  1.51514   1.8125 0.660919 -1.95997
-1.00743 -1.34242  1.53442  1.82185 0.661176 -1.94635
-0.935682 -1.36705  1.55371   1.8312 0.661432 -1.93273
-0.86393 -1.39168  1.57299  1.84055 0.661689 -1.91911
-0.792178 -1.41631  1.59227   1.8499 0.661945 -1.90549
-0.720425 -1.44095  1.61156  1.85925 0.662202 -1.89187
-0.648673 -1.46558  1.63084   1.8686 0.662458 -1.87825
-0.576921 -1.49021  1.65013  1.87795 0.662715 -1.86463
-0.505169 -1.51484  1.66941   1.8873 0.662972   -1.851
-0.433417 -1.53947  1.68869  1.89665 0.663228 -1.83738
-0.361664 -1.56411  1.70798    1.906 0.663485 -1.82376
-0.289912 -1.58874  1.72726  1.91535 0.663741 -1.81014
-0.21816 -1.61337  1.74655   1.9247 0.663998 -1.79652
-0.146408   -1.638  1.76583  1.93405 0.664254  -1.7829
-0.0746555 -1.66263  1.78512   1.9434 0.664511 -1.76928
-0.00290332 -1.68726   1.8044  1.95275 0.664767 -1.75566
0.0688489  -1.7119  1.82368   1.9621 0.665024 -1.74204
0.140601 -1.73653  1.84297  1.97145  0.66528 -1.72842
0.212353 -1.76116  1.86225   1.9808 0.665537  -1.7148
0.284106 -1.78579  1.88154  1.99015 0.665793 -1.70118
0.355858 -1.81042  1.90082   1.9995  0.66605 -1.68756
 0.42761 -1.83506   1.9201  2.00885 0.666307 -1.67393
0.499362 -1.85969  1.93939  2.01821 0.666563 -1.66031
0.571114 -1.88432  1.95867  2.02756  0.66682 -1.64669
0.642867 -1.90895  1.97796  2.03691 0.667076 -1.63307
0.714619 -1.93358  1.99724  2.04626 0.667333 -1.61945
0.786371 -1.95821  2.01652  2.05561 0.667589 -1.60583
0.858123 -1.98285  2.03581  2.06496 0.667846 -1.59221
0.929875 -2.00748  2.05509  2.07431 0.668102 -1.57859
 1.00163 -2.03211  2.07438  2.08366 0.668359 -1.56497
 1.07338 -2.05674  2.09366  2.09301 0.668615 -1.55135
 1.14513 -2.08137  2.11295  2.10236 0.668872 -1.53773
 1.21688   -2.106  2.13223  2.11171 0.669129 -1.52411
 1.28864 -2.13064  2.15151  2.12106 0.669385 -1.51049
 1.36039 -2.15527   2.1708  2.13041 0.669642 -1.49687
 1.43214  -2.1799  2.19008  2.13976 0.669898 -1.48324
 1.50389 -2.20453  2.20937  2.14911 0.670155 -1.46962
 1.57565 -2.22916  2.22865  2.15846 0.670411   -1.456
  1.6474  -2.2538  2.24793  2.16781 0.670668 -1.44238
 1.71915 -2.27843  2.26722  2.17716 0.670924 -1.42876
  1.7909 -2.30306   2.2865  2.18651 0.671181 -1.41514
 1.86265 -2.32769  2.30579  2.19586 0.671437 -1.40152
 1.93441 -2.35232  2.32507  2.20521 0.671694  -1.3879
 2.00616 -2.37695  2.34435  2.21456  0.67195 -1.37428
 2.07791 -2.40159  2.36364  2.22391 0.672207 -1.36066
 2.14966 -2.42622  2.38292  2.23326 0.672464 -1.34704
 2.22142 -2.45085  2.40221  2.24261  0.67272 -1.33342
 2.29317 -2.47548  2.42149  2.25196 0.672977  -1.3198
 2.36492 -2.50011  2.44077  2.26131 0.673233 -1.30618
 2.43667 -2.52475  2.46006  2.27066  0.67349 -1.29255
 2.50842 -2.54938  2.47934  2.28002 0.673746 -1.27893
 1.80022 -2.28741  2.23878  2.18195 0.636578 -1.36442
 1.80955 -2.27176  2.19107  2.17738 0.601975 -1.31369
 1.81887 -2.25612  2.14335  2.17282 0.567372 -1.26296
 1.82819 -2.24047  2.09563  2.16825 0.532768 -1.21224
 1.83751 -2.22482  2.04791  2.16369 0.498165 -1.16151
 1.84684 -2.20917   2.0002  2.15912 0.463562 -1.11079
 1.85616 -2.19353  1.95248  2.15456 0.428959 -1.06006
 1.86548 -2.17788  1.90476  2.14999 0.394356 -1.00934
   1.8748  -2.16223   1.85704   2.14543  0.359753 -0.958613
  1.88413  -2.14658   1.80933   2.14086   0.32515 -0.907887
  1.89345  -2.13094   1.76161    2.1363  0.290547 -0.857162
  1.90277  -2.11529   1.71389   2.13173  0.255944 -0.806436
  1.91209  -2.09964   1.66617   2.12717  0.221341 -0.755711
  1.92142  -2.08399   1.61846    2.1226  0.186738 -0.704986
 1.93074 -2.06835  1.57074  2.11804 0.152134 -0.65426
  1.94006   -2.0527   1.52302   2.11347  0.117531 -0.603535
  1.94938  -2.03705    1.4753   2.10891 0.0829283 -0.552809
  1.95871   -2.0214   1.42759   2.10434 0.0483252 -0.502084
  1.96803  -2.00576   1.37987   2.09978 0.0137221 -0.451359
  1.97735  -1.99011   1.33215   2.09521 -0.020881 -0.400633
  1.98667  -1.97446   1.28443   2.09065 -0.055484 -0.349908
     1.996   -1.95881    1.23672    2.08608 -0.0900871  -0.299182
  2.00532  -1.94317     1.189   2.08152  -0.12469 -0.248457
  2.01464  -1.92752   1.14128   2.07695 -0.159293 -0.197732
  2.02396  -1.91187   1.09356   2.07239 -0.193896 -0.147006
   2.03329   -1.89622    1.04584    2.06782    -0.2285 -0.0962809
   2.04261   -1.88058   0.998127    2.06326  -0.263103 -0.0455555
   2.05193   -1.86493    0.95041    2.05869  -0.297706 0.00516988
  2.06125  -1.84928  0.902692   2.05413 -0.332309 0.0558953
  2.07057  -1.83363  0.854974   2.04956 -0.366912  0.106621
   2.0799  -1.81798  0.807257     2.045 -0.401515  0.157346
  2.08922  -1.80234  0.759539   2.04043 -0.436118  0.208071
  2.09854  -1.78669  0.711822   2.03587 -0.470721  0.258797
  2.10786  -1.77104  0.664104    2.0313 -0.505324  0.309522
  2.11719  -1.75539  0.616387   2.02674 -0.539927  0.360248
 2.12651 -1.73975 0.568669  2.02217 -0.57453 0.410973
  2.13583   -1.7241  0.520951   2.01761 -0.609133  0.461698
  2.14515  -1.70845  0.473234   2.01304 -0.643737  0.512424
 2.15448  -1.6928 0.425516  2.00848 -0.67834 0.563149
  2.11309  -1.64571  0.414991   2.01483 -0.721477  0.584533
  2.07171  -1.59861  0.404466   2.02119 -0.764614  0.605917
 2.03033 -1.55151 0.393941  2.02755 -0.80775 0.627301
  1.98895  -1.50441  0.383416    2.0339 -0.850887  0.648685
  1.94757  -1.45731  0.372892   2.04026 -0.894024  0.670069
  1.90619  -1.41021  0.362367   2.04662 -0.937161  0.691454
   1.8648  -1.36311  0.351842   2.05297 -0.980298  0.712838
 1.82342 -1.31601 0.341317  2.05933 -1.02343 0.734222
 1.78204 -1.26892 0.330792  2.06569 -1.06657 0.755606
 1.74066 -1.22182 0.320267  2.07204 -1.10971  0.77699
 1.69928 -1.17472 0.309742   2.0784 -1.15285 0.798374
  1.6579 -1.12762 0.299217  2.08476 -1.19598 0.819758
 1.61651 -1.08052 0.288692  2.09111 -1.23912 0.841142
 1.57513 -1.03342 0.278167  2.09747 -1.28226 0.862526
  1.53375 -0.986322  0.267642   2.10383  -1.32539   0.88391
  1.49237 -0.939224  0.257117   2.11018  -1.36853  0.905294
  1.45099 -0.892125  0.246592   2.11654  -1.41167  0.926678
  1.40961 -0.845026  0.236067    2.1229   -1.4548  0.948062
  1.36822 -0.797927  0.225543   2.12925  -1.49794  0.969446
  1.32684 -0.750828  0.215018   2.13561  -1.54108   0.99083
 1.28546 -0.70373 0.204493  2.14197 -1.58421  1.01221
  1.24408 -0.656631  0.193968   2.14832  -1.62735    1.0336
   1.2027 -0.609532  0.183443   2.15468  -1.67049   1.05498
  1.16131 -0.562433  0.172918   2.16104  -1.71363   1.07637
  1.11993 -0.515334  0.162393   2.16739  -1.75676   1.09775
  1.07855 -0.468236  0.151868   2.17375   -1.7999   1.11913
  1.03717 -0.421137  0.141343   2.18011  -1.84304   1.14052
 0.995787 -0.374038  0.130818   2.18646  -1.88617    1.1619
 0.954406 -0.326939  0.120293   2.19282  -1.92931   1.18329
0.913024 -0.27984 0.109768  2.19918 -1.97245  1.20467
 0.871642 -0.232742 0.0992434   2.20553  -2.01558   1.22606
  0.83026 -0.185643 0.0887184   2.21189  -2.05872   1.24744
 0.788879 -0.138544 0.0781935   2.21825  -2.10186   1.26882
  0.747497 -0.0914452  0.0676686     2.2246   -2.14499    1.29021
  0.706115 -0.0443463  0.0571436    2.23096   -2.18813    1.31159
  0.664733 0.00275245  0.0466187    2.23732   -2.23127    1.33298
 0.623352 0.0498513 0.0360938   2.24367  -2.27441   1.35436
  0.58197 0.0969501 0.0255688   2.25003  -2.31754   1.37574
 0.540588  0.144049 0.0150439   2.25639  -2.36068   1.39713
  0.499206   0.191148 0.00451899    2.26274   -2.40382    1.41851
   0.457825    0.238246 -0.00600594      2.2691    -2.44695      1.4399
  0.416443   0.285345 -0.0165309    2.27546   -2.49009    1.46128
  0.375061   0.332444 -0.0270558    2.28181   -2.53323    1.48266
  0.333679   0.379543 -0.0375807    2.28817   -2.57636    1.50405
  0.292298   0.426642 -0.0481057    2.29453    -2.6195    1.52543
  0.250916    0.47374 -0.0586306    2.30088   -2.66264    1.54682
  0.209534   0.520839 -0.0691555    2.30724   -2.70577     1.5682
  0.168152   0.567938 -0.0796804     2.3136   -2.74891    1.58958
   0.12677   0.615037 -0.0902054    2.31995   -2.79205    1.61097
0.0853887 0.662136 -0.10073  2.32631 -2.83519  1.63235
 0.044007  0.709234 -0.111255   2.33267  -2.87832   1.65374
0.0026252 0.756333 -0.12178  2.33902 -2.92146  1.67512
-0.0387566  0.803432 -0.132305   2.34538   -2.9646    1.6965
 0.893782 -0.280698 0.0772541   2.13028  -1.96347   1.19268
  0.87454 -0.281555   0.04474   2.06138  -1.95449   1.18068
 0.855297 -0.282412 0.0122258   1.99248  -1.94551   1.16869
  0.836055   -0.28327 -0.0202884    1.92357   -1.93653    1.15669
  0.816813  -0.284127 -0.0528025    1.85467   -1.92755     1.1447
  0.797571  -0.284985 -0.0853167    1.78577   -1.91857    1.13271
 0.778328 -0.285842 -0.117831   1.71687  -1.90959   1.12071
 0.759086 -0.286699 -0.150345   1.64797  -1.90061   1.10872
 0.739844 -0.287557 -0.182859   1.57907  -1.89163   1.09672
 0.720602 -0.288414 -0.215373   1.51017  -1.88265   1.08473
  0.70136 -0.289271 -0.247887   1.44127  -1.87367   1.07274
 0.682117 -0.290129 -0.280402   1.37237  -1.86469   1.06074
 0.662875 -0.290986 -0.312916   1.30347  -1.85571   1.04875
 0.643633 -0.291844  -0.34543   1.23457  -1.84673   1.03675
 0.624391 -0.292701 -0.377944   1.16566  -1.83775   1.02476
 0.605149 -0.293558 -0.410458   1.09676  -1.82877   1.01276
 0.585906 -0.294416 -0.442972   1.02786  -1.81979   1.00077
 0.576569 -0.251177 -0.438605   1.02288  -1.75428   1.01111
 0.567231 -0.207939 -0.434238   1.01789  -1.68876   1.02145
 0.557894   -0.1647 -0.429871    1.0129  -1.62324   1.03178
 0.548556 -0.121462 -0.425504   1.00791  -1.55773   1.04212
  0.539219 -0.0782234  -0.421137    1.00293   -1.49221    1.05246
 0.529881 -0.034985  -0.41677  0.997939  -1.42669    1.0628
  0.520543 0.00825347  -0.412403   0.992952   -1.36118    1.07314
 0.511206 0.0514919 -0.408036  0.987965  -1.29566   1.08347
 0.501868 0.0947304 -0.403669  0.982978  -1.23014   1.09381
 0.492531  0.137969 -0.399302  0.977991  -1.16463   1.10415
 0.483193  0.181207 -0.394935  0.973004  -1.09911   1.11449
 0.473856  0.224446 -0.390568  0.968017  -1.03359   1.12483
 0.464518  0.267684 -0.386201  0.963029 -0.968076   1.13517
  0.45518  0.310923 -0.381834  0.958042 -0.902559    1.1455
 0.445843  0.354161 -0.377467  0.953055 -0.837043   1.15584
 0.436505  0.397399   -0.3731  0.948068 -0.771526   1.16618
 0.427168  0.440638 -0.368733  0.943081 -0.706009   1.17652
  0.41783  0.483876 -0.364366  0.938094 -0.640493   1.18686
 0.408493  0.527115 -0.359999  0.933107 -0.574976   1.19719
 0.399155  0.570353 -0.355632   0.92812  -0.50946   1.20753
 0.389817  0.613592 -0.351265  0.923132 -0.443943   1.21787
  0.38048   0.65683 -0.346898  0.918145 -0.378426   1.22821
 0.371142  0.700069 -0.342531  0.913158  -0.31291   1.23855
 0.361805  0.743307 -0.338164  0.908171 -0.247393   1.24888
 0.352467  0.786545 -0.333797  0.903184 -0.181876   1.25922
 0.34313 0.829784 -0.32943 0.898197 -0.11636  1.26956
  0.333792   0.873022  -0.325063    0.89321 -0.0508432     1.2799
 0.324454  0.916261 -0.320696  0.888222 0.0146734   1.29024
 0.315117  0.959499 -0.316329  0.883235 0.0801901   1.30057
 0.305779   1.00274 -0.311962  0.878248  0.145707   1.31091
 0.296442   1.04598 -0.307595  0.873261  0.211223   1.32125
 0.312148   1.01311 -0.295218    0.8242  0.256553   1.29985
 0.327855  0.980243 -0.282841  0.775138  0.301883   1.27844
 0.343562  0.947377 -0.270465  0.726077  0.347213   1.25704
 0.359268   0.91451 -0.258088  0.677015  0.392542   1.23564
 0.374975  0.881644 -0.245712  0.627954  0.437872   1.21423
 0.390682  0.848777 -0.233335  0.578892  0.483202   1.19283
 0.406389  0.815911 -0.220958  0.529831  0.528532   1.17143
 0.422095  0.783044 -0.208582  0.480769  0.573862   1.15002
 0.437802  0.750178 -0.196205  0.431708  0.619191   1.12862
 0.453509  0.717311 -0.183829  0.382646  0.664521   1.10722
 0.469215  0.684445 -0.171452  0.333585  0.709851   1.08582
 0.484922  0.651578 -0.159075  0.284523  0.755181   1.06441
 0.500629  0.618712 -0.146699  0.235462   0.80051   1.04301
 0.516335  0.585845 -0.134322  0.186401   0.84584   1.02161
 0.532042  0.552979 -0.121946  0.137339   0.89117    1.0002
 0.547749  0.520112 -0.109569 0.0882776    0.9365  0.978799
  0.563455   0.487246 -0.0971925  0.0392161    0.98183   0.957396
   0.579162    0.454379  -0.0848159 -0.00984533     1.02716    0.935993
  0.594869   0.421513 -0.0724393 -0.0589068    1.07249    0.91459
  0.610576   0.388646 -0.0600627  -0.107968    1.11782   0.893186
  0.626282    0.35578 -0.0476861   -0.15703    1.16315   0.871783
  0.641989   0.322913 -0.0353095  -0.206091    1.20848    0.85038
  0.657696   0.290047 -0.0229329  -0.255153    1.25381   0.828977
  0.673402    0.25718 -0.0105563  -0.304214    1.29914   0.807574
  0.689109   0.224314 0.00182027  -0.353276    1.34447    0.78617
 0.704816  0.191448 0.0141969 -0.402337    1.3898  0.764767
 0.720522  0.158581 0.0265735 -0.451398   1.43513  0.743364
 0.736229  0.125715 0.0389501  -0.50046   1.48046  0.721961
 0.751936 0.0928481 0.0513266 -0.549521   1.52579  0.700557
 0.767642 0.0599816 0.0637032 -0.598583   1.57112  0.679154
 0.783349 0.0271151 0.0760798 -0.647644   1.61645  0.657751
  0.799056 -0.0057514  0.0884564  -0.696706    1.66178   0.636348
  0.814763 -0.0386179   0.100833  -0.745767    1.70711   0.614945
  0.830469 -0.0714844    0.11321  -0.794829    1.75244   0.593541
 0.846176 -0.104351  0.125586  -0.84389   1.79777  0.572138
 0.861883 -0.137217  0.137963 -0.892952    1.8431  0.550735
 0.877589 -0.170084  0.150339 -0.942013   1.88843  0.529332
 0.893296  -0.20295  0.162716 -0.991075   1.93376  0.507929
 0.909003 -0.235817  0.175093  -1.04014   1.97908  0.486525
 0.924709 -0.268683  0.187469   -1.0892   2.02441  0.465122
0.940416 -0.30155 0.199846 -1.13826  2.06974 0.443719
 0.956123 -0.334416  0.212222  -1.18732   2.11507  0.422316
 0.971829 -0.367283  0.224599  -1.23638    2.1604  0.400912
 0.987536 -0.400149  0.236976  -1.28544   2.20573  0.379509
  1.00324 -0.433016  0.249352   -1.3345   2.25106  0.358106
  1.01895 -0.465882  0.261729  -1.38357   2.29639  0.336703
  1.03466 -0.498749  0.274105  -1.43263   2.34172    0.3153
  1.05036 -0.531615  0.286482  -1.48169   2.38705  0.293896
  1.06607 -0.564482  0.298859  -1.53075   2.43238  0.272493
  1.08178 -0.597348  0.311235  -1.57981   2.47771   0.25109
  1.09748 -0.630215  0.323612  -1.62887   2.52304  0.229687
  1.11319 -0.663081  0.335988  -1.67794   2.56837  0.208284
   1.1289 -0.695948  0.348365    -1.727    2.6137   0.18688
   1.1446 -0.728814  0.360742  -1.77606   2.65903  0.165477
  1.16031 -0.761681  0.373118  -1.82512   2.70436  0.144074
  1.17602 -0.794547  0.385495  -1.87418   2.74969  0.122671
  1.19172 -0.827414  0.397871  -1.92324   2.79502  0.101267
  1.20743  -0.86028  0.410248   -1.9723   2.84035 0.0798643
  1.22314 -0.893146  0.422624  -2.02137   2.88568  0.058461
  1.23884 -0.926013  0.435001  -2.07043   2.93101 0.0370578
   2.0561  -1.91127   1.04117   2.08393 -0.288251 -0.138725
  2.07892  -1.92633    1.0365   2.10003 -0.348002  -0.18117
  2.10173  -1.94138   1.03182   2.11613 -0.407753 -0.223614
  2.12455  -1.95643   1.02715   2.13224 -0.467504 -0.266058
  2.14736  -1.97148   1.02247   2.14834 -0.527255 -0.308503
  2.17018  -1.98653    1.0178   2.16444 -0.587006 -0.350947
  2.19299  -2.00158   1.01313   2.18055 -0.646757 -0.393391
  2.21581  -2.01664   1.00845   2.19665 -0.706509 -0.435836
 2.23863 -2.03169  1.00378  2.21276 -0.76626 -0.47828
  2.26144  -2.04674  0.999103   2.22886 -0.826011 -0.520725
  2.28426  -2.06179  0.994429   2.24496 -0.885762 -0.563169
  2.30707  -2.07684  0.989754   2.26107 -0.945513 -0.605613
  2.32989  -2.09189   0.98508   2.27717  -1.00526 -0.648058
   2.3527  -2.10695  0.980406   2.29327  -1.06502 -0.690502
  2.37552    -2.122  0.975732   2.30938  -1.12477 -0.732946
  2.39833  -2.13705  0.971058   2.32548  -1.18452 -0.775391
  2.42115   -2.1521  0.966383   2.34159  -1.24427 -0.817835
  2.44397  -2.16715  0.961709   2.35769  -1.30402 -0.860279
  2.46678   -2.1822  0.957035   2.37379  -1.36377 -0.902724
   2.4896  -2.19726  0.952361    2.3899  -1.42352 -0.945168
  2.51241  -2.21231  0.947687     2.406  -1.48327 -0.987613
 2.53523 -2.22736 0.943012   2.4221 -1.54302 -1.03006
 2.55804 -2.24241 0.938338  2.43821 -1.60278  -1.0725
 2.58086 -2.25746 0.933664  2.45431 -1.66253 -1.11495
 2.60367 -2.27251  0.92899  2.47042 -1.72228 -1.15739
 2.62649 -2.28756 0.924315  2.48652 -1.78203 -1.19983
 2.64931 -2.30262 0.919641  2.50262 -1.84178 -1.24228
 2.67212 -2.31767 0.914967  2.51873 -1.90153 -1.28472
 2.69494 -2.33272 0.910293  2.53483 -1.96128 -1.32717
 2.71775 -2.34777 0.905619  2.55093 -2.02103 -1.36961
 2.74057 -2.36282 0.900944  2.56704 -2.08078 -1.41206
 2.76338 -2.37787  0.89627  2.58314 -2.14054  -1.4545
  2.7862 -2.39293 0.891596  2.59925 -2.20029 -1.49694
 2.80901 -2.40798 0.886922  2.61535 -2.26004 -1.53939
 2.83183 -2.42303 0.882248  2.63145 -2.31979 -1.58183
 0.726175  0.137369 0.0741789 -0.598832   1.52213  0.728614
 0.700414  0.181889 0.0970312 -0.648142   1.51847  0.756671
 0.674654   0.22641  0.119883 -0.697453   1.51482  0.784728
 0.648893   0.27093  0.142736 -0.746764   1.51116  0.812785
 0.623132  0.315451  0.165588 -0.796074    1.5075  0.840842
 0.597372  0.359971   0.18844 -0.845385   1.50385  0.868898
 0.571611  0.404492  0.211292 -0.894695   1.50019  0.896955
  0.54585  0.449012  0.234145 -0.944006   1.49653  0.925012
  0.52009  0.493533  0.256997 -0.993316   1.49288  0.953069
0.494329 0.538053 0.279849 -1.04263  1.48922 0.981126
0.468568 0.582574 0.302702 -1.09194  1.48557  1.00918
0.442808 0.627094 0.325554 -1.14125  1.48191  1.03724
0.417047 0.671615 0.348406 -1.19056  1.47825   1.0653
0.391286 0.716136 0.371258 -1.23987   1.4746  1.09335
0.365526 0.760656 0.394111 -1.28918  1.47094  1.12141
0.339765 0.805177 0.416963 -1.33849  1.46728  1.14947
0.314004 0.849697 0.439815  -1.3878  1.46363  1.17752
0.288243 0.894218 0.462667 -1.43711  1.45997  1.20558
0.262483 0.938738  0.48552 -1.48642  1.45631  1.23364
0.236722 0.983259 0.508372 -1.53573  1.45266  1.26169
0.210961  1.02778 0.531224 -1.58504    1.449  1.28975
0.185201   1.0723 0.554076 -1.63435  1.44534  1.31781
 0.539712 -0.263013 -0.436367  0.982871  -1.66236   1.04756
 0.512194 -0.318086 -0.438496  0.947853  -1.63595   1.07366
 0.484675  -0.37316 -0.440625  0.912836  -1.60955   1.09977
 0.457156 -0.428234 -0.442753  0.877818  -1.58314   1.12588
 0.429637 -0.483308 -0.444882  0.842801  -1.55674   1.15199
 0.402118 -0.538382 -0.447011  0.807783  -1.53034    1.1781
 0.374599 -0.593455 -0.449139  0.772766  -1.50393   1.20421
  0.34708 -0.648529 -0.451268  0.737749  -1.47753   1.23032
 0.319561 -0.703603 -0.453397  0.702731  -1.45113   1.25643
 0.292042 -0.758677 -0.455526  0.667714  -1.42472   1.28254
 0.264523  -0.81375 -0.457654  0.632696  -1.39832   1.30865
 0.237005 -0.868824 -0.459783  0.597679  -1.37192   1.33476
 0.209486 -0.923898 -0.461912  0.562662  -1.34551   1.36087
 0.181967 -0.978972 -0.464041  0.527644  -1.31911   1.38697
 0.154448  -1.03405 -0.466169  0.492627  -1.29271   1.41308
 0.126929  -1.08912 -0.468298  0.457609   -1.2663   1.43919
  0.09941  -1.14419 -0.470427  0.422592   -1.2399    1.4653
0.0718911  -1.19927 -0.472556  0.387574   -1.2135   1.49141
0.0443722  -1.25434 -0.474684  0.352557  -1.18709   1.51752
0.0168533  -1.30941 -0.476813   0.31754  -1.16069   1.54363
-0.0106656  -1.36449 -0.478942  0.282522  -1.13428   1.56974
-0.0381845 -1.41956 -0.48107 0.247505 -1.10788  1.59585
-0.0657034  -1.47464 -0.483199  0.212487  -1.08148   1.62196
-0.0932223  -1.52971 -0.485328   0.17747  -1.05507   1.64807
-0.120741  -1.58478 -0.487457  0.142452  -1.02867   1.67418
 -0.14826  -1.63986 -0.489585  0.107435  -1.00227   1.70029
-0.175779  -1.69493 -0.491714 0.0724176 -0.975864   1.72639
-0.203298  -1.75001 -0.493843 0.0374002  -0.94946    1.7525
 -0.230817   -1.80508  -0.495972 0.00238273  -0.923057    1.77861
 -0.258336   -1.86015    -0.4981 -0.0326347  -0.896653    1.80472
 -0.285855   -1.91523  -0.500229 -0.0676521   -0.87025    1.83083
-0.313374   -1.9703 -0.502358  -0.10267 -0.843846   1.85694
-0.340892  -2.02537 -0.504487 -0.137687 -0.817443   1.88305
-0.368411  -2.08045 -0.506615 -0.172704 -0.791039   1.90916
 -0.39593  -2.13552 -0.508744 -0.207722 -0.764635   1.93527
-0.423449   -2.1906 -0.510873 -0.242739 -0.738232   1.96138
-0.450968  -2.24567 -0.513001 -0.277757 -0.711828   1.98749
-0.478487  -2.30074  -0.51513 -0.312774 -0.685425    2.0136
-0.506006  -2.35582 -0.517259 -0.347791 -0.659021    2.0397
-0.533525  -2.41089 -0.519388 -0.382809 -0.632618   2.06581
-0.561044  -2.46596 -0.521516 -0.417826 -0.606214   2.09192
-0.588563  -2.52104 -0.523645 -0.452844 -0.579811   2.11803
-0.616081  -2.57611 -0.525774 -0.487861 -0.553407   2.14414
  -0.6436  -2.63119 -0.527903 -0.522879 -0.527004   2.17025
-0.671119  -2.68626 -0.530031 -0.557896   -0.5006   2.19636
-0.698638  -2.74133  -0.53216 -0.592913 -0.474197   2.22247
-0.726157  -2.79641 -0.534289 -0.627931 -0.447793   2.24858
-0.753676  -2.85148 -0.536418 -0.662948  -0.42139   2.27469
-0.781195  -2.90655 -0.538546 -0.697966 -0.394986    2.3008
-0.808714  -2.96163 -0.540675 -0.732983 -0.368583   2.32691
-0.836233   -3.0167 -0.542804 -0.768001 -0.342179   2.35301
-0.646434  -2.63103 -0.488981 -0.571644 -0.542709   2.12279
-0.649267  -2.63088  -0.45006  -0.62041 -0.558414   2.07533
  -0.6521  -2.63072 -0.411139 -0.669176 -0.574119   2.02787
-0.654933  -2.63057 -0.372218 -0.717942 -0.589825   1.98042
-0.657766  -2.63041 -0.333297 -0.766708  -0.60553   1.93296
-0.660599  -2.63026 -0.294376 -0.815473 -0.621235    1.8855
-0.663433   -2.6301 -0.255455 -0.864239  -0.63694   1.83804
-0.666266  -2.62994 -0.216533 -0.913005 -0.652646   1.79058
-0.669099  -2.62979 -0.177612 -0.961771 -0.668351   1.74312
-0.671932  -2.62963 -0.138691  -1.01054 -0.684056   1.69566
 -0.674765   -2.62948 -0.0997699    -1.0593  -0.699761     1.6482
 -0.677599   -2.62932 -0.0608488   -1.10807  -0.715467    1.60075
 -0.680432   -2.62917 -0.0219276   -1.15683  -0.731172    1.55329
-0.683265  -2.62901 0.0169935   -1.2056 -0.746877   1.50583
-0.686098  -2.62886 0.0559147  -1.25437 -0.762582   1.45837
-0.688931   -2.6287 0.0948359  -1.30313 -0.778287   1.41091
-0.691764  -2.62855  0.133757   -1.3519 -0.793993   1.36345
-0.694598  -2.62839  0.172678  -1.40066 -0.809698   1.31599
-0.697431  -2.62824  0.211599  -1.44943 -0.825403   1.26853
-0.700264  -2.62808   0.25052  -1.49819 -0.841108   1.22107
-0.703097  -2.62793  0.289442  -1.54696 -0.856814   1.17362
 -0.70593  -2.62777  0.328363  -1.59573 -0.872519   1.12616
-0.708764  -2.62762  0.367284  -1.64449 -0.888224    1.0787
-0.711597  -2.62746  0.406205  -1.69326 -0.903929   1.03124
 -0.71443  -2.62731  0.445126  -1.74202 -0.919635  0.983781
-0.717263 -2.62715 0.484047 -1.79079 -0.93534 0.936322
-0.720096    -2.627  0.522969  -1.83956 -0.951045  0.888863
-0.722929 -2.62684  0.56189 -1.88832 -0.96675 0.841405
-0.725763  -2.62669  0.600811  -1.93709 -0.982456  0.793946
-0.728596  -2.62653  0.639732  -1.98585 -0.998161  0.746487
-0.731429 -2.62638 0.678653 -2.03462 -1.01387 0.699028
-0.734262 -2.62622 0.717574 -2.08338 -1.02957 0.651569
-0.737095 -2.62607 0.756495 -2.13215 -1.04528 0.604111
-0.739929 -2.62591 0.795417 -2.18092 -1.06098 0.556652
-0.742762 -2.62576 0.834338 -2.22968 -1.07669 0.509193
-0.745595  -2.6256 0.873259 -2.27845 -1.09239 0.461734
-0.748428 -2.62545  0.91218 -2.32721  -1.1081 0.414276
-0.751261 -2.62529 0.951101 -2.37598  -1.1238 0.366817
-0.754094 -2.62514 0.990022 -2.42474 -1.13951 0.319358
-0.756928 -2.62498  1.02894 -2.47351 -1.15521 0.271899
-0.759761 -2.62483  1.06786 -2.52228 -1.17092  0.22444
-0.762594 -2.62467  1.10679 -2.57104 -1.18662 0.176982
-0.765427 -2.62452  1.14571 -2.61981 -1.20233 0.129523
 -0.76826  -2.62436   1.18463  -2.66857  -1.21803 0.0820641
-0.771094  -2.62421   1.22355  -2.71734  -1.23374 0.0346054
 -0.773927   -2.62405    1.26247   -2.76611   -1.24944 -0.0128534
  -0.77676    -2.6239    1.30139   -2.81487   -1.26515 -0.0603122
-0.779593  -2.62374   1.34031  -2.86364  -1.28085 -0.107771
 0.49942 -1.89964  1.91704  2.04195 0.629089 -1.70865
0.499478 -1.93958  1.89469  2.06569 0.591616 -1.75699
0.499536 -1.97953  1.87234  2.08943 0.554142 -1.80533
0.499594 -2.01948     1.85  2.11317 0.516668 -1.85367
0.499652 -2.05943  1.82765  2.13691 0.479194 -1.90201
 0.49971 -2.09938   1.8053  2.16065 0.441721 -1.95035
0.499768 -2.13932  1.78295   2.1844 0.404247 -1.99869
0.499826 -2.17927   1.7606  2.20814 0.366773 -2.04703
0.499884 -2.21922  1.73825  2.23188 0.329299 -2.09537
0.499942 -2.25917  1.71591  2.25562 0.291825 -2.14371
     0.5 -2.29912  1.69356  2.27936 0.254352 -2.19205
0.500058 -2.33906  1.67121   2.3031 0.216878 -2.24039
0.500116 -2.37901  1.64886  2.32685 0.179404 -2.28873
0.500174 -2.41896  1.62651  2.35059  0.14193 -2.33707
0.500232 -2.45891  1.60416  2.37433 0.104457 -2.38541
  0.50029  -2.49886   1.58182   2.39807 0.0669829  -2.43375
 0.500348   -2.5388   1.55947   2.42181 0.0295091  -2.48209
   0.500406    -2.57875     1.53712     2.44555 -0.00796467    -2.53043
  0.500463    -2.6187    1.51477    2.46929 -0.0454384   -2.57877
  0.500521   -2.65865    1.49242    2.49304 -0.0829122   -2.62711
 0.500579   -2.6986   1.47007   2.51678 -0.120386  -2.67545
0.500637 -2.73854  1.44773  2.54052 -0.15786 -2.72379
 0.500695  -2.77849   1.42538   2.56426 -0.195333  -2.77213
 0.500753  -2.81844   1.40303     2.588 -0.232807  -2.82047
-0.0531511  -1.43546 -0.504866  0.148162  -1.07894   1.63167
-0.0405989  -1.39629 -0.526533 0.0838376   -1.0764   1.64137
-0.0280466  -1.35711   -0.5482 0.0195127  -1.07386   1.65108
-0.0154943   -1.31794  -0.569866 -0.0448121   -1.07133    1.66079
-0.00294202  -1.27876 -0.591533 -0.109137  -1.06879    1.6705
0.00961026  -1.23959   -0.6132 -0.173462  -1.06625    1.6802
0.0221625  -1.20042 -0.634867 -0.237787  -1.06371   1.68991
0.0347148  -1.16124 -0.656533 -0.302112  -1.06117   1.69962
0.0472671  -1.12207   -0.6782 -0.366436  -1.05863   1.70933
0.0598194  -1.08289 -0.699867 -0.430761   -1.0561   1.71903
0.0723716  -1.04372 -0.721534 -0.495086  -1.05356   1.72874
0.0849239  -1.00454 -0.743201 -0.559411  -1.05102   1.73845
0.0974762 -0.965371 -0.764867 -0.623736  -1.04848   1.74816
 0.110028 -0.926196 -0.786534 -0.688061  -1.04594   1.75787
 0.122581 -0.887022 -0.808201 -0.752386  -1.04341   1.76757
 0.135133 -0.847848 -0.829868  -0.81671  -1.04087   1.77728
 0.147685 -0.808674 -0.851534 -0.881035  -1.03833   1.78699
 0.160238 -0.769499 -0.873201  -0.94536  -1.03579    1.7967
  0.17279 -0.730325 -0.894868  -1.00968  -1.03325    1.8064
 0.185342 -0.691151 -0.916535  -1.07401  -1.03072   1.81611
 0.197894 -0.651977 -0.938202  -1.13833  -1.02818   1.82582
 0.210447 -0.612802 -0.959868  -1.20266  -1.02564   1.83553
 0.222999 -0.573628 -0.981535  -1.26698   -1.0231   1.84524
 0.235551 -0.534454   -1.0032  -1.33131  -1.02056   1.85494
0.248104 -0.49528 -1.02487 -1.39563 -1.01802  1.86465
 0.260656 -0.456105  -1.04654  -1.45996  -1.01549   1.87436
 0.273208 -0.416931   -1.0682  -1.52428  -1.01295   1.88407
   1.17132  -0.935704   0.416808   -2.09176    2.91924 0.00839019
   1.10379  -0.945395   0.398615   -2.11309    2.90747 -0.0202774
   1.03627  -0.955086   0.380421   -2.13443     2.8957 -0.0489451
  0.968743  -0.964777   0.362228   -2.15576    2.88393 -0.0776127
 0.901218 -0.974468  0.344035  -2.17709   2.87216  -0.10628
 0.833693 -0.984158  0.325841  -2.19843   2.86039 -0.134948
 0.766168 -0.993849  0.307648  -2.21976   2.84863 -0.163616
 0.698643  -1.00354  0.289455   -2.2411   2.83686 -0.192283
 0.631118  -1.01323  0.271262  -2.26243   2.82509 -0.220951
 0.563594  -1.02292  0.253068  -2.28376   2.81332 -0.249619
 0.496069  -1.03261  0.234875   -2.3051   2.80155 -0.278286
 0.428544   -1.0423  0.216682  -2.32643   2.78978 -0.306954
 0.361019  -1.05199  0.198489  -2.34776   2.77801 -0.335621
 0.293494  -1.06169  0.180295   -2.3691   2.76624 -0.364289
 0.225969  -1.07138  0.162102  -2.39043   2.75447 -0.392957
 0.158444  -1.08107  0.143909  -2.41176    2.7427 -0.421624
0.0909187  -1.09076  0.125716   -2.4331   2.73093 -0.450292
0.0233938 -1.10045 0.107522 -2.45443  2.71916 -0.47896
-0.0441312  -1.11014 0.0893291  -2.47576   2.70739 -0.507627
-0.111656  -1.11983 0.0711358   -2.4971   2.69563 -0.536295
-0.179181  -1.12952 0.0529425  -2.51843   2.68386 -0.564963
-0.246706  -1.13921 0.0347493  -2.53977   2.67209  -0.59363
-0.314231   -1.1489  0.016556   -2.5611   2.66032 -0.622298
  -0.381756    -1.15859 -0.00163727    -2.58243     2.64855   -0.650965
 -0.449281   -1.16829 -0.0198305   -2.60377    2.63678  -0.679633
 -0.516806   -1.17798 -0.0380238    -2.6251    2.62501  -0.708301
 -0.584331   -1.18767 -0.0562171   -2.64643    2.61324  -0.736968
 -0.651856   -1.19736 -0.0744103   -2.66777    2.60147  -0.765636
 -0.719381   -1.20705 -0.0926036    -2.6891     2.5897  -0.794304
-0.786906  -1.21674 -0.110797  -2.71043   2.57793 -0.822971
-0.854431  -1.22643  -0.12899  -2.73177   2.56616 -0.851639
-0.921956  -1.23612 -0.147183   -2.7531   2.55439 -0.880307
-0.989481  -1.24581 -0.165377  -2.77443   2.54263 -0.908974
 -1.05701   -1.2555  -0.18357  -2.79577   2.53086 -0.937642
 -1.12453  -1.26519 -0.201763   -2.8171   2.51909 -0.966309
 -1.19206  -1.27489 -0.219956  -2.83844   2.50732 -0.994977
 -1.19443  -1.20781 -0.242992  -2.81273   2.51077  -1.02128
 -1.19681  -1.14073 -0.266027  -2.78703   2.51422  -1.04758
 -1.19918  -1.07365 -0.289062  -2.76133   2.51767  -1.07389
 0.312079  0.976776 -0.278172  0.872067  0.293948   1.33301
  0.31201  0.940442 -0.261127  0.919935  0.331343   1.36617
 0.311941  0.904108 -0.244081  0.967803  0.368737   1.39933
 0.311872  0.867774 -0.227036   1.01567  0.406132   1.43249
0.311802  0.83144 -0.20999  1.06354 0.443527  1.46565
 0.311733  0.795106 -0.192945   1.11141  0.480922   1.49881
 0.311664  0.758772 -0.175899   1.15927  0.518317   1.53197
  1.96648  -1.92008   1.10206   2.07285 -0.161206 -0.103566
   1.90899   -1.92829    1.11056    2.07331  -0.128516 -0.0601258
   1.85151   -1.93651    1.11906    2.07378 -0.0958259 -0.0166856
   1.79403   -1.94472    1.12756    2.07424 -0.0631358  0.0267547
   1.73654   -1.95293    1.13606     2.0747 -0.0304456  0.0701949
   1.67906   -1.96114    1.14455    2.07517 0.00224456   0.113635
  1.62157  -1.96935   1.15305   2.07563 0.0349347  0.157075
  1.56409  -1.97756   1.16155    2.0761 0.0676249  0.200516
 1.50661 -1.98578  1.17005  2.07656 0.100315 0.243956
 1.44912 -1.99399  1.17855  2.07702 0.133005 0.287396
 1.39164  -2.0022  1.18705  2.07749 0.165695 0.330836
 1.33415 -2.01041  1.19554  2.07795 0.198386 0.374277
 1.27667 -2.01862  1.20404  2.07841 0.231076 0.417717
 1.21918 -2.02683  1.21254  2.07888 0.263766 0.461157
  1.1617 -2.03505  1.22104  2.07934 0.296456 0.504597
 1.10422 -2.04326  1.22954   2.0798 0.329146 0.548038
 1.04673 -2.05147  1.23804  2.08027 0.361836 0.591478
0.989248 -2.05968  1.24654  2.08073 0.394526 0.634918
0.931764 -2.06789  1.25503  2.08119 0.427217 0.678358
 0.87428 -2.07611  1.26353  2.08166 0.459907 0.721799
0.816796 -2.08432  1.27203  2.08212 0.492597 0.765239
0.759312 -2.09253  1.28053  2.08258 0.525287 0.808679
0.701828 -2.10074  1.28903  2.08305 0.557977 0.852119
0.644343 -2.10895  1.29753  2.08351 0.590667  0.89556
0.586859 -2.11716  1.30603  2.08397 0.623358    0.939
0.529375 -2.12538  1.31452  2.08444 0.656048  0.98244
0.471891 -2.13359  1.32302   2.0849 0.688738  1.02588
0.414407  -2.1418  1.33152  2.08537 0.721428  1.06932
0.356923 -2.15001  1.34002  2.08583 0.754118  1.11276
0.299439 -2.15822  1.34852  2.08629 0.786808   1.1562
0.241955 -2.16643  1.35702  2.08676 0.819499  1.19964
 0.18447 -2.17465  1.36552  2.08722 0.852189  1.24308
0.126986 -2.18286  1.37401  2.08768 0.884879  1.28652
0.0695021 -2.19107  1.38251  2.08815 0.917569  1.32996
0.012018 -2.19928  1.39101  2.08861 0.950259   1.3734
-0.0454662 -2.20749  1.39951  2.08907 0.982949  1.41684
  1.18531 -0.752653  0.302395  -1.78421   2.64713  0.189182
  1.22603 -0.776492  0.244049  -1.79235   2.63523  0.212887
  1.26674 -0.800331  0.185703   -1.8005   2.62333  0.236593
 1.30745 -0.82417 0.127356 -1.80865  2.61142 0.260298
  1.34816 -0.848009 0.0690102   -1.8168   2.59952  0.284003
  1.38887 -0.871848  0.010664  -1.82495   2.58762  0.307708
   1.42958  -0.895687 -0.0476823   -1.83309    2.57572   0.331413
   1.4703 -0.919526 -0.106029  -1.84124   2.56381  0.355118
  1.51101 -0.943365 -0.164375  -1.84939   2.55191  0.378823
  1.55172 -0.967204 -0.222721  -1.85754   2.54001  0.402529
  1.59243 -0.991043 -0.281067  -1.86569   2.52811  0.426234
  1.63314  -1.01488 -0.339414  -1.87383   2.51621  0.449939
 1.67385 -1.03872 -0.39776 -1.88198   2.5043 0.473644
  1.71457  -1.06256 -0.456106  -1.89013    2.4924  0.497349
  1.75528   -1.0864 -0.514452  -1.89828    2.4805  0.521054
  1.79599  -1.11024 -0.572799  -1.90643    2.4686  0.544759
   1.8367  -1.13408 -0.631145  -1.91457   2.45669  0.568465
  1.87741  -1.15792 -0.689491  -1.92272   2.44479   0.59217
  1.91812  -1.18175 -0.747837  -1.93087   2.43289  0.615875
  1.95883  -1.20559 -0.806184  -1.93902   2.42099   0.63958
 1.99955 -1.22943 -0.86453 -1.94717  2.40909 0.663285
  2.04026  -1.25327 -0.922876  -1.95531   2.39718   0.68699
  2.08097  -1.27711 -0.981222  -1.96346   2.38528  0.710695
 2.12168 -1.30095 -1.03957 -1.97161  2.37338 0.734401
    1.74529    -1.88718      1.1422     2.11248 -0.00913549   0.0792407
  1.75403  -1.82143   1.14834   2.15025 0.0121746 0.0882865
  1.76278  -1.75568   1.15448   2.18803 0.0334847 0.0973322
  1.77152  -1.68993   1.16062    2.2258 0.0547948  0.106378
 1.78027 -1.62418  1.16677  2.26358 0.076105 0.115424
  1.78901  -1.55844   1.17291   2.30135 0.0974151   0.12447
 1.79776 -1.49269  1.17905  2.33913 0.118725 0.133515
  1.8065 -1.42694  1.18519   2.3769 0.140035 0.142561
 1.81525 -1.36119  1.19133  2.41468 0.161345 0.151607
 1.82399 -1.29544  1.19748  2.45245 0.182656 0.160653
 1.83274 -1.22969  1.20362  2.49023 0.203966 0.169698
 1.84148 -1.16394  1.20976    2.528 0.225276 0.178744
 1.85023 -1.09819   1.2159  2.56578 0.246586  0.18779
 1.85897 -1.03244  1.22204  2.60355 0.267896 0.196836
  1.86772 -0.966694   1.22819   2.64133  0.289206  0.205881
  1.87646 -0.900946   1.23433    2.6791  0.310516  0.214927
  1.88521 -0.835197   1.24047   2.71687  0.331826  0.223973
  1.89395 -0.769448   1.24661   2.75465  0.353136  0.233019
   1.9027 -0.703699   1.25275   2.79242  0.374447  0.242064
 1.91144 -0.63795   1.2589   2.8302 0.395757  0.25111
  1.92019 -0.572201   1.26504   2.86797  0.417067  0.260156
 0.544626 0.0187585  -0.44286  0.962213  -1.35532   1.01147
 0.568709 0.0292635 -0.473316  0.931473  -1.34946  0.949802
 0.592791 0.0397685 -0.503772  0.900734   -1.3436  0.888135
 0.616874 0.0502736 -0.534228  0.869994  -1.33774  0.826467
 0.640957 0.0607786 -0.564685  0.839255  -1.33189    0.7648
 0.665039 0.0712836 -0.595141  0.808515  -1.32603  0.703133
 0.689122 0.0817886 -0.625597  0.777776  -1.32017  0.641465
 0.713204 0.0922937 -0.656054  0.747037  -1.31431  0.579798
0.737287 0.102799 -0.68651 0.716297 -1.30846 0.518131
  0.76137  0.113304 -0.716966  0.685558   -1.3026  0.456463
 0.785452  0.123809 -0.747422  0.654818  -1.29674  0.394796
 0.809535  0.134314 -0.777879  0.624079  -1.29088  0.333129
 0.833617  0.144819 -0.808335  0.593339  -1.28503  0.271461
   0.8577  0.155324 -0.838791    0.5626  -1.27917  0.209794
 0.881783  0.165829 -0.869248   0.53186  -1.27331  0.148127
 0.905865  0.176334 -0.899704  0.501121  -1.26745 0.0864595
 0.929948  0.186839  -0.93016  0.470381  -1.26159 0.0247921
  0.954031   0.197344  -0.960616   0.439642   -1.25574 -0.0368752
  0.978113   0.207849  -0.991073   0.408902   -1.24988 -0.0985425
  1.0022 0.218354 -1.02153 0.378163 -1.24402 -0.16021
  1.02628  0.228859  -1.05199  0.347423  -1.23816 -0.221877
  1.05036  0.239364  -1.08244  0.316684  -1.23231 -0.283544
  1.07444  0.249869   -1.1129  0.285944  -1.22645 -0.345212
  1.09853  0.260374  -1.14335  0.255205  -1.22059 -0.406879
  1.12261  0.270879  -1.17381  0.224466  -1.21473 -0.468546
  1.14669  0.281384  -1.20427  0.193726  -1.20888 -0.530214
  1.17077  0.291889  -1.23472  0.162987  -1.20302 -0.591881
  1.19486  0.302394  -1.26518  0.132247  -1.19716 -0.653548
  1.21894  0.312899  -1.29564  0.101508   -1.1913 -0.715216
  1.24302  0.323404  -1.32609 0.0707682  -1.18544 -0.776883
   1.2671  0.333909  -1.35655 0.0400287  -1.17959  -0.83855
   1.29119   0.344414     -1.387 0.00928921   -1.17373  -0.900218
   1.31527   0.354919   -1.41746 -0.0214503   -1.16787  -0.961885
   1.33935   0.365424   -1.44792 -0.0521897   -1.16201   -1.02355
   1.36343   0.375929   -1.47837 -0.0829292   -1.15616   -1.08522
  1.38752  0.386434  -1.50883 -0.113669   -1.1503  -1.14689
   1.4116  0.396939  -1.53929 -0.144408  -1.14444  -1.20855
  1.43568  0.407444  -1.56974 -0.175148  -1.13858  -1.27022
  1.45977  0.417949   -1.6002 -0.205887  -1.13273  -1.33189
  1.48385  0.428454  -1.63065 -0.236627  -1.12687  -1.39356
  1.50793  0.438959  -1.66111 -0.267366  -1.12101  -1.45522
  1.53201  0.449464  -1.69157 -0.298106  -1.11515  -1.51689
   1.5561  0.459969  -1.72202 -0.328845  -1.10929  -1.57856
  1.58018  0.470474  -1.75248 -0.359584  -1.10344  -1.64023
  1.60426   0.48098  -1.78294 -0.390324  -1.09758  -1.70189
  1.62834  0.491485  -1.81339 -0.421063  -1.09172  -1.76356
  1.65243   0.50199  -1.84385 -0.451803  -1.08586  -1.82523
  1.67651  0.512495   -1.8743 -0.482542  -1.08001  -1.88689
  1.70059     0.523  -1.90476 -0.513282  -1.07415  -1.94856
  1.72467  0.533505  -1.93522 -0.544021  -1.06829  -2.01023
  1.74876   0.54401  -1.96567 -0.574761  -1.06243   -2.0719
 1.77284 0.554515 -1.99613  -0.6055 -1.05658 -2.13356
 1.79692  0.56502 -2.02659 -0.63624 -1.05072 -2.19523
    1.821  0.575525  -2.05704 -0.666979  -1.04486   -2.2569
  1.84509   0.58603   -2.0875 -0.697719    -1.039  -2.31857
  1.86917  0.596535  -2.11796 -0.728458  -1.03314  -2.38023
  1.89325   0.60704  -2.14841 -0.759198  -1.02729   -2.4419
  1.91734  0.617545  -2.17887 -0.789937  -1.02143  -2.50357
  1.94142   0.62805  -2.20932 -0.820677  -1.01557  -2.56524
   1.9655  0.638555  -2.23978 -0.851416  -1.00971   -2.6269
  1.98958   0.64906  -2.27024 -0.882155  -1.00386  -2.68857
  2.01367  0.659565  -2.30069 -0.912895 -0.997998  -2.75024
  2.03775   0.67007  -2.33115 -0.943634 -0.992141   -2.8119
  2.06183  0.680575  -2.36161 -0.974374 -0.986283  -2.87357
    2.399  -2.07951   1.01051   2.26107  -1.12733 -0.755155
  2.42248  -2.03701   1.04528   2.21276   -1.1299 -0.777365
  2.44596  -1.99452   1.08006   2.16444  -1.13247 -0.799574
  2.46944  -1.95203   1.11483   2.11613  -1.13504 -0.821783
  2.49292  -1.90954   1.14961   2.06782  -1.13761 -0.843992
   2.5164  -1.86705   1.18438   2.01951  -1.14018 -0.866201
 2.53988 -1.82455  1.21916   1.9712 -1.14275 -0.88841
  2.56336  -1.78206   1.25393   1.92289  -1.14531 -0.910619
  2.58684  -1.73957    1.2887   1.87458  -1.14788 -0.932828
  2.61032  -1.69708   1.32348   1.82627  -1.15045 -0.955037
   2.6338  -1.65459   1.35825   1.77795  -1.15302 -0.977246
  2.65728  -1.61209   1.39303   1.72964  -1.15559 -0.999455
 2.68077  -1.5696   1.4278  1.68133 -1.15816 -1.02166
 2.70425 -1.52711  1.46258  1.63302 -1.16073 -1.04387
 2.72773 -1.48462  1.49735  1.58471 -1.16329 -1.06608
 2.75121 -1.44213  1.53213   1.5364 -1.16586 -1.08829
 2.77469 -1.39963   1.5669  1.48809 -1.16843  -1.1105
 2.79817 -1.35714  1.60168  1.43978   -1.171 -1.13271
 2.82165 -1.31465  1.63645  1.39147 -1.17357 -1.15492
 2.84513 -1.27216  1.67123  1.34315 -1.17614 -1.17713
 2.86861 -1.22967    1.706  1.29484 -1.17871 -1.19934
 2.89209 -1.18717  1.74078  1.24653 -1.18127 -1.22155
 2.91557 -1.14468  1.77555  1.19822 -1.18384 -1.24376
 2.93905 -1.10219  1.81033  1.14991 -1.18641 -1.26596
 2.96253  -1.0597   1.8451   1.1016 -1.18898 -1.28817
 2.98601 -1.01721  1.87988  1.05329 -1.19155 -1.31038
  3.00949 -0.974715   1.91465   1.00498  -1.19412  -1.33259
  3.03297 -0.932223   1.94943  0.956664  -1.19669   -1.3548
  3.05645 -0.889732    1.9842  0.908353  -1.19925  -1.37701
 3.07993 -0.84724  2.01898 0.860041 -1.20182 -1.39922
  3.10341 -0.804748   2.05375   0.81173  -1.20439  -1.42143
  3.12689 -0.762256   2.08853  0.763419  -1.20696  -1.44364
  3.15038 -0.719764    2.1233  0.715108  -1.20953  -1.46585
 0.142345  -1.07965  0.183731  -2.35306   2.74377 -0.454879
 0.126247  -1.07824  0.223553  -2.29436   2.74484 -0.488134
 0.110149  -1.07683  0.263376  -2.23566   2.74592 -0.521389
0.0940505  -1.07541  0.303198  -2.17695   2.74699 -0.554644
0.0779522    -1.074   0.34302  -2.11825   2.74806 -0.587899
0.0618539  -1.07258  0.382842  -2.05955   2.74913 -0.621154
0.0457557  -1.07117  0.422664  -2.00085    2.7502 -0.654409
0.0296574  -1.06976  0.462487  -1.94214   2.75127 -0.687664
0.0135591  -1.06834  0.502309  -1.88344   2.75234 -0.720918
-0.00253922  -1.06693  0.542131  -1.82474   2.75341 -0.754173
-0.0186375  -1.06551  0.581953  -1.76603   2.75448 -0.787428
-0.0347358   -1.0641  0.621776  -1.70733   2.75556 -0.820683
-0.0508341  -1.06269  0.661598  -1.64863   2.75663 -0.853938
-0.0669324  -1.06127   0.70142  -1.58993    2.7577 -0.887193
-0.0830307  -1.05986  0.741242  -1.53122   2.75877 -0.920448
-0.099129  -1.05844  0.781065  -1.47252   2.75984 -0.953703
-0.115227  -1.05703  0.820887  -1.41382   2.76091 -0.986958
-0.131326 -1.05562 0.860709 -1.35512  2.76198 -1.02021
-0.147424  -1.0542 0.900531 -1.29641  2.76305 -1.05347
-0.163522 -1.05279 0.940354 -1.23771  2.76412 -1.08672
-0.17962 -1.05137 0.980176 -1.17901   2.7652 -1.11998
 0.98341 -2.07772  1.23528   2.0729 0.455735 0.726978
 1.03506 -2.08755  1.21553  2.06461 0.484253 0.775597
  1.0867 -2.09738  1.19578  2.05632 0.512771 0.824217
 1.13835 -2.10721  1.17602  2.04803  0.54129 0.872836
    1.19 -2.11704  1.15627  2.03974 0.569808 0.921456
 1.24164 -2.12686  1.13652  2.03145 0.598326 0.970075
 1.29329 -2.13669  1.11677  2.02315 0.626845  1.01869
 1.34493 -2.14652  1.09701  2.01486 0.655363  1.06731
 1.39658 -2.15635  1.07726  2.00657 0.683881  1.11593
 1.44823 -2.16618  1.05751  1.99828 0.712399  1.16455
 1.49987 -2.17601  1.03775  1.98999 0.740918  1.21317
 1.55152 -2.18584    1.018   1.9817 0.769436  1.26179
 1.60317 -2.19566 0.998249  1.97341 0.797954  1.31041
 1.65481 -2.20549 0.978496  1.96511 0.826472  1.35903
 1.70646 -2.21532 0.958743  1.95682 0.854991  1.40765
  1.7581 -2.22515  0.93899  1.94853 0.883509  1.45627
 1.80975 -2.23498 0.919238  1.94024 0.912027  1.50489
  1.8614 -2.24481 0.899485  1.93195 0.940545  1.55351
 1.91304 -2.25464 0.879732  1.92366 0.969064  1.60213
 1.96469 -2.26446 0.859979  1.91536 0.997582  1.65075
 2.01633 -2.27429 0.840227  1.90707   1.0261  1.69937
 2.06798 -2.28412 0.820474  1.89878  1.05462  1.74799
 -0.74899 -0.773287    1.3241   1.98503  -1.01377  -2.14902
-0.777515 -0.768272   1.33342   1.93085  -1.06337  -2.15789
 -0.80604 -0.763256   1.34275   1.87667  -1.11297  -2.16676
-0.834566 -0.758241   1.35208   1.82249  -1.16257  -2.17563
-0.863091 -0.753225   1.36141   1.76831  -1.21217   -2.1845
-0.891616 -0.74821  1.37074  1.71414 -1.26177 -2.19337
-0.920141 -0.743195   1.38006   1.65996  -1.31137  -2.20225
-0.948667 -0.738179   1.38939   1.60578  -1.36097  -2.21112
-0.977192 -0.733164   1.39872    1.5516  -1.41057  -2.21999
 -1.00572 -0.728148   1.40805   1.49742  -1.46017  -2.22886
 0.327599  0.415065 -0.107814   2.30861  -2.63254   1.55839
 0.362901  0.403489 -0.167522   2.32269  -2.64557   1.59136
0.398203 0.391913 -0.22723  2.33676 -2.65861  1.62432
 0.433505  0.380336 -0.286938   2.35084  -2.67165   1.65728
 0.468807   0.36876 -0.346647   2.36492  -2.68469   1.69024
 0.504108  0.357183 -0.406355     2.379  -2.69772   1.72321
  0.53941  0.345607 -0.466063   2.39308  -2.71076   1.75617
 0.574712  0.334031 -0.525771   2.40716   -2.7238   1.78913
 0.610014  0.322454 -0.585479   2.42124  -2.73683   1.82209
 0.645316  0.310878 -0.645188   2.43532  -2.74987   1.85506
 0.680617  0.299302 -0.704896    2.4494  -2.76291   1.88802
 0.715919  0.287725 -0.764604   2.46347  -2.77595   1.92098
 0.751221  0.276149 -0.824312   2.47755  -2.78898   1.95394
0.786523 0.264572 -0.88402  2.49163 -2.80202  1.98691
 0.821825  0.252996 -0.943729   2.50571  -2.81506   2.01987
0.857126  0.24142 -1.00344  2.51979 -2.82809  2.05283
0.892428 0.229843 -1.06315  2.53387 -2.84113  2.08579
 0.92773 0.218267 -1.12285  2.54795 -2.85417  2.11876
0.963032  0.20669 -1.18256  2.56203  -2.8672  2.15172
0.998334 0.195114 -1.24227  2.57611 -2.88024  2.18468
 1.03364 0.183538 -1.30198  2.59018 -2.89328  2.21764
 1.06894 0.171961 -1.36169  2.60426 -2.90632  2.25061
 1.10424 0.160385 -1.42139  2.61834 -2.91935  2.28357
 1.13954 0.148809  -1.4811  2.63242 -2.93239  2.31653
 1.17484 0.137232 -1.54081   2.6465 -2.94543  2.34949
 1.21014 0.125656 -1.60052  2.66058 -2.95846  2.38246
 1.24545 0.114079 -1.66023  2.67466  -2.9715  2.41542
 1.28075 0.102503 -1.71994  2.68874 -2.98454  2.44838
  1.31605 0.0909267  -1.77964   2.70282  -2.99757   2.48134
  1.35135 0.0793503  -1.83935   2.71689  -3.01061    2.5143
  1.38665 0.0677739  -1.89906   2.73097  -3.02365   2.54727
  1.42196 0.0561976  -1.95877   2.74505  -3.03669   2.58023
  1.45726 0.0446212  -2.01848   2.75913  -3.04972   2.61319
  1.49256 0.0330448  -2.07818   2.77321  -3.06276   2.64615
 1.46039 -2.13173  2.16515  2.10652 0.709032 -1.48815
 1.48863 -2.08356  2.14022  2.07329 0.748167 -1.49306
 1.51687 -2.03538  2.11529  2.04005 0.787301 -1.49796
 1.54512 -1.98721  2.09036  2.00682 0.826435 -1.50287
 1.57336 -1.93904  2.06543  1.97358  0.86557 -1.50777
 1.60161 -1.89087   2.0405  1.94034 0.904704 -1.51268
 1.62985  -1.8427  2.01557  1.90711 0.943838 -1.51758
  1.6581 -1.79452  1.99064  1.87387 0.982972 -1.52249
 1.68634 -1.74635  1.96571  1.84064  1.02211 -1.52739
 1.71459 -1.69818  1.94078   1.8074  1.06124  -1.5323
 1.74283 -1.65001  1.91585  1.77416  1.10038  -1.5372
 1.77107 -1.60184  1.89092  1.74093  1.13951 -1.54211
 1.79932 -1.55366  1.86599  1.70769  1.17864 -1.54701
 1.82756 -1.50549  1.84106  1.67446  1.21778 -1.55192
 1.85581 -1.45732  1.81613  1.64122  1.25691 -1.55682
 1.88405 -1.40915  1.79119  1.60799  1.29605 -1.56173
  1.9123 -1.36098  1.76626  1.57475  1.33518 -1.56663
 1.94054  -1.3128  1.74133  1.54151  1.37432 -1.57154
 1.96879 -1.26463   1.7164  1.50828  1.41345 -1.57644
 1.99703 -1.21646  1.69147  1.47504  1.45258 -1.58135
 2.02527 -1.16829  1.66654  1.44181  1.49172 -1.58625
 2.05352 -1.12012  1.64161  1.40857  1.53085 -1.59116
 2.08176 -1.07194  1.61668  1.37533  1.56999 -1.59607
 2.11001 -1.02377  1.59175   1.3421  1.60912 -1.60097
  2.13825 -0.975599   1.56682   1.30886   1.64826  -1.60588
   2.1665 -0.927427   1.54189   1.27563   1.68739  -1.61078
  2.19474 -0.879255   1.51696   1.24239   1.72652  -1.61569
  2.22298 -0.831083   1.49203   1.20915   1.76566  -1.62059
  2.25123 -0.782911    1.4671   1.17592   1.80479   -1.6255
  2.27947 -0.734739   1.44217   1.14268   1.84393   -1.6304
  2.30772 -0.686567   1.41724   1.10945   1.88306  -1.63531
  2.33596 -0.638395   1.39231   1.07621    1.9222  -1.64021
  2.36421 -0.590223   1.36738   1.04297   1.96133  -1.64512
  2.39245 -0.542051   1.34245   1.00974   2.00046  -1.65002
 -1.01648 -0.667281   1.38762   1.46247  -1.42951  -2.22905
 -1.02725 -0.606413   1.36719   1.42752  -1.39885  -2.22923
 -1.03802 -0.545545   1.34676   1.39257  -1.36818  -2.22942
 -1.04879 -0.484677   1.32632   1.35762  -1.33752   -2.2296
 -1.05955 -0.423809   1.30589   1.32267  -1.30686  -2.22979
 -1.07032 -0.362941   1.28546   1.28772   -1.2762  -2.22997
 -1.08109 -0.302073   1.26503   1.25277  -1.24554  -2.23016
 -1.09186 -0.241205    1.2446   1.21781  -1.21488  -2.23035
 -1.10262 -0.180337   1.22417   1.18286  -1.18422  -2.23053
 -1.11339 -0.119469   1.20374   1.14791  -1.15356  -2.23072
  -1.12416 -0.0586013    1.18331    1.11296   -1.12289    -2.2309
  -1.13493 0.00226663    1.16287    1.07801   -1.09223   -2.23109
 -1.14569 0.0631346   1.14244   1.04306  -1.06157  -2.23127
-1.15646 0.124002  1.12201  1.00811 -1.03091 -2.23146
-1.16723  0.18487  1.10158 0.973157 -1.00025 -2.23164
 -1.17799  0.245738   1.08115  0.938206 -0.969588  -2.23183
 -1.18876  0.306606   1.06072  0.903255 -0.938927  -2.23201
 -1.19953  0.367474   1.04029  0.868304 -0.908266   -2.2322
  -1.2103  0.428342   1.01986  0.833353 -0.877605  -2.23238
 -1.22106   0.48921  0.999424  0.798402 -0.846943  -2.23257
 -1.23183  0.550078  0.978993  0.763451 -0.816282  -2.23276
  -1.2426  0.610946  0.958562    0.7285 -0.785621  -2.23294
-1.25337 0.671814  0.93813 0.693549 -0.75496 -2.23313
  1.42674 -0.938811   0.29331   2.12139  -1.44879  0.933618
  1.40249 -0.985496  0.340028   2.12624  -1.48592  0.940559
 1.37824 -1.03218 0.386746  2.13109 -1.52304 0.947499
 1.35399 -1.07887 0.433463  2.13594 -1.56016 0.954439
 1.32974 -1.12555 0.480181  2.14079 -1.59729 0.961379
 1.30549 -1.17224 0.526899  2.14564 -1.63441 0.968319
 1.28125 -1.21893 0.573616  2.15049 -1.67154 0.975259
   1.257 -1.26561 0.620334  2.15534 -1.70866   0.9822
 1.23275  -1.3123 0.667052  2.16018 -1.74579  0.98914
  1.2085 -1.35898  0.71377  2.16503 -1.78291  0.99608
 1.18425 -1.40567 0.760487  2.16988 -1.82003  1.00302
    1.16 -1.45235 0.807205  2.17473 -1.85716  1.00996
 1.13575 -1.49904 0.853923  2.17958 -1.89428   1.0169
 1.11151 -1.54573  0.90064  2.18443 -1.93141  1.02384
 1.08726 -1.59241 0.947358  2.18928 -1.96853  1.03078
 0.590458  0.493049   0.22059 -0.925427    1.5365   0.94358
 0.635066  0.537085  0.207035 -0.906848   1.57647  0.962149
0.679674 0.581122 0.193481 -0.88827  1.61643 0.980717
 0.724282  0.625159  0.179926 -0.869691    1.6564  0.999285
  0.76889  0.669195  0.166371 -0.851113   1.69636   1.01785
 0.813497  0.713232  0.152817 -0.832534   1.73633   1.03642
 0.858105  0.757268  0.139262 -0.813955   1.77629   1.05499
 0.902713  0.801305  0.125707 -0.795377   1.81626   1.07356
 0.947321  0.845341  0.112153 -0.776798   1.85622   1.09213
 0.991929  0.889378 0.0985981 -0.758219   1.89619    1.1107
  1.03654  0.933415 0.0850435 -0.739641   1.93616   1.12926
  1.08114  0.977451 0.0714888 -0.721062   1.97612   1.14783
  1.12575   1.02149 0.0579342 -0.702483   2.01609    1.1664
  1.17036   1.06552 0.0443795 -0.683905   2.05605   1.18497
-0.722679  -2.63273 -0.073023  -1.16156 -0.714416   1.51219
-0.764926  -2.63628 -0.124118  -1.16629  -0.69766    1.4711
-0.807173  -2.63984 -0.175214  -1.17101 -0.680904   1.43001
-0.849421   -2.6434 -0.226309  -1.17574 -0.664147   1.38891
-0.891668  -2.64696 -0.277404  -1.18047 -0.647391   1.34782
-0.933915  -2.65052   -0.3285  -1.18519 -0.630635   1.30673
-0.976162  -2.65407 -0.379595  -1.18992 -0.613879   1.26563
 -1.01841  -2.65763 -0.430691  -1.19465 -0.597123   1.22454
 -1.06066  -2.66119 -0.481786  -1.19937 -0.580367   1.18345
  -1.1029  -2.66475 -0.532881   -1.2041 -0.563611   1.14235
 -1.14515  -2.66831 -0.583977  -1.20882 -0.546855   1.10126
  -1.1874  -2.67186 -0.635072  -1.21355 -0.530099   1.06016
 -1.22965  -2.67542 -0.686167  -1.21828 -0.513343   1.01907
 -1.27189  -2.67898 -0.737263    -1.223 -0.496587  0.977978
 -1.31414  -2.68254 -0.788358  -1.22773 -0.479831  0.936885
 -1.35639  -2.68609 -0.839454  -1.23246 -0.463074  0.895791
 -1.39863  -2.68965 -0.890549  -1.23718 -0.446318  0.854698
 -1.44088  -2.69321 -0.941644  -1.24191 -0.429562  0.813604
 -1.48313  -2.69677  -0.99274  -1.24664 -0.412806  0.772511
-1.52538 -2.70033 -1.04383 -1.25136 -0.39605 0.731417
 -1.56762  -2.70388  -1.09493  -1.25609 -0.379294  0.690324
 -1.60987  -2.70744  -1.14603  -1.26082 -0.362538  0.649231
 -1.65212    -2.711  -1.19712  -1.26554 -0.345782  0.608137
 -1.69437  -2.71456  -1.24822  -1.27027 -0.329026  0.567044
-1.73661 -2.71811 -1.29931 -1.27499 -0.31227  0.52595
 -1.77886  -2.72167  -1.35041  -1.27972 -0.295514  0.484857
 -1.82111  -2.72523   -1.4015  -1.28445 -0.278758  0.443763
 -1.86335  -2.72879   -1.4526  -1.28917 -0.262002   0.40267
  -1.9056  -2.73235  -1.50369   -1.2939 -0.245245  0.361576
 -1.94785   -2.7359  -1.55479  -1.29863 -0.228489  0.320483
  -1.9901  -2.73946  -1.60588  -1.30335 -0.211733   0.27939
 -2.03234  -2.74302  -1.65698  -1.30808 -0.194977  0.238296
 -2.07459  -2.74658  -1.70807  -1.31281 -0.178221  0.197203
 -2.11684  -2.75013  -1.75917  -1.31753 -0.161465  0.156109
 -2.15909  -2.75369  -1.81027  -1.32226 -0.144709  0.115016
 -2.20133  -2.75725  -1.86136  -1.32698 -0.127953 0.0739223
 -2.24358  -2.76081  -1.91246  -1.33171 -0.111197 0.0328289
   -2.28583    -2.76437    -1.96355    -1.33644  -0.0944407 -0.00826455
  -2.32807   -2.76792   -2.01465   -1.34116 -0.0776846  -0.049358
  -2.37032   -2.77148   -2.06574   -1.34589 -0.0609285 -0.0904514
  -2.41257   -2.77504   -2.11684   -1.35062 -0.0441725  -0.131545
  -2.45482    -2.7786   -2.16793   -1.35534 -0.0274164  -0.172638
  -2.49706   -2.78215   -2.21903   -1.36007 -0.0106603  -0.213732
  -2.53931   -2.78571   -2.27012    -1.3648 0.00609579  -0.254825
 -2.58156  -2.78927  -2.32122  -1.36952 0.0228519 -0.295919
 -2.59026  -2.76473    -2.317  -1.33367 0.0412279 -0.359801
 -2.59896  -2.74019  -2.31278  -1.29781 0.0596039 -0.423684
 -2.60766  -2.71565  -2.30856  -1.26196 0.0779799 -0.487567
 -2.61636   -2.6911  -2.30434   -1.2261 0.0963559 -0.551449
 -2.62506  -2.66656  -2.30012  -1.19025  0.114732 -0.615332
 -2.63376  -2.64202   -2.2959  -1.15439  0.133108 -0.679215
 -2.64246  -2.61748  -2.29169  -1.11854  0.151484 -0.743097
-2.65116 -2.59294 -2.28747 -1.08269  0.16986 -0.80698
 -2.65986   -2.5684  -2.28325  -1.04683  0.188236 -0.870863
 -2.66855  -2.54386  -2.27903  -1.01098  0.206612 -0.934745
 -2.67725  -2.51931  -2.27481 -0.975122  0.224988 -0.998628
 -2.68595  -2.49477  -2.27059 -0.939267  0.243364  -1.06251
 -2.69465  -2.47023  -2.26637 -0.903412   0.26174  -1.12639
 -2.70335  -2.44569  -2.26215 -0.867558  0.280116  -1.19028
 -2.71205  -2.42115  -2.25793 -0.831703  0.298492  -1.25416
 -2.72075  -2.39661  -2.25371 -0.795849  0.316868  -1.31804
 -2.72945  -2.37206  -2.24949 -0.759994  0.335244  -1.38192
 -2.73815  -2.34752  -2.24527 -0.724139   0.35362  -1.44581
 -2.74685  -2.32298  -2.24106 -0.688285  0.371996  -1.50969
-2.75555 -2.29844 -2.23684 -0.65243 0.390372 -1.57357
 -2.76425   -2.2739  -2.23262 -0.616576  0.408748  -1.63745
 -2.77295  -2.24936   -2.2284 -0.580721  0.427124  -1.70134
 -2.78165  -2.22482  -2.22418 -0.544866    0.4455  -1.76522
 -2.79035  -2.20027  -2.21996 -0.509012  0.463876   -1.8291
 -2.79905  -2.17573  -2.21574 -0.473157  0.482252  -1.89299
 -2.80775  -2.15119  -2.21152 -0.437302  0.500628  -1.95687
 -2.81645  -2.12665   -2.2073 -0.401448  0.519004  -2.02075
 -2.82515  -2.10211  -2.20308 -0.365593   0.53738  -2.08463
 -2.83385  -2.07757  -2.19886 -0.329739  0.555756  -2.14852
 -2.84255  -2.05302  -2.19465 -0.293884  0.574132   -2.2124
 -2.85125  -2.02848  -2.19043 -0.258029  0.592508  -2.27628
 -2.85995  -2.00394  -2.18621 -0.222175  0.610884  -2.34016
-2.86865  -1.9794 -2.18199 -0.18632  0.62926 -2.40405
 -2.87735  -1.95486  -2.17777 -0.150466  0.647636  -2.46793
 -2.88605  -1.93032  -2.17355 -0.114611  0.666012  -2.53181
  -2.89475   -1.90578   -2.16933 -0.0787563   0.684388   -2.59569
  -2.90345   -1.88123   -2.16511 -0.0429017   0.702764   -2.65958
   -2.91215    -1.85669    -2.16089 -0.00704706     0.72114    -2.72346
 -2.92085  -1.83215  -2.15667 0.0288076  0.739516  -2.78734
 -2.92955  -1.80761  -2.15245 0.0646622  0.757892  -2.85123
-2.93825 -1.78307 -2.14823 0.100517 0.776268 -2.91511
-2.94695 -1.75853 -2.14402 0.136371 0.794644 -2.97899
-2.95565 -1.73398  -2.1398 0.172226  0.81302 -3.04287
  2.20038 -0.901459   1.54429   1.17862   1.70978  -1.64363
  2.20601 -0.923664   1.57162   1.11484   1.69303  -1.67157
  2.21165 -0.945868   1.59894   1.05107   1.67628  -1.69951
  2.21728 -0.968073   1.62627   0.98729   1.65953  -1.72745
  2.22292 -0.990277    1.6536  0.923516   1.64279  -1.75539
 2.22855 -1.01248  1.68093 0.859741  1.62604 -1.78333
 2.23419 -1.03469  1.70826 0.795966  1.60929 -1.81127
 2.23982 -1.05689  1.73559 0.732191  1.59254 -1.83921
 2.24546 -1.07909  1.76291 0.668416  1.57579 -1.86715
 2.25109  -1.1013  1.79024 0.604641  1.55905 -1.89509
 2.25673  -1.1235  1.81757 0.540866   1.5423 -1.92303
 2.26236 -1.14571   1.8449 0.477091  1.52555 -1.95097
   2.268 -1.16791  1.87223 0.413316   1.5088 -1.97891
 2.27363 -1.19012  1.89955 0.349542  1.49206 -2.00685
 2.27927 -1.21232  1.92688 0.285767  1.47531 -2.03479
  2.2849 -1.23453  1.95421 0.221992  1.45856 -2.06273
 2.29054 -1.25673  1.98154 0.158217  1.44181 -2.09067
 2.29617 -1.27893  2.00887 0.094442  1.42506 -2.11861
  2.30181  -1.30114   2.03619 0.0306671   1.40832  -2.14655
   2.30744   -1.32334    2.06352 -0.0331078    1.39157   -2.17449
   2.31308   -1.34555    2.09085 -0.0968827    1.37482   -2.20243
  2.31871  -1.36775   2.11818 -0.160658   1.35807  -2.23037
  2.32435  -1.38996   2.14551 -0.224432   1.34133  -2.25831
  2.32998  -1.41216   2.17284 -0.288207   1.32458  -2.28625
  2.33562  -1.43437   2.20016 -0.351982   1.30783  -2.31419
  2.34125  -1.45657   2.22749 -0.415757   1.29108  -2.34213
  2.34689  -1.47877   2.25482 -0.479532   1.27434  -2.37007
  2.35252  -1.50098   2.28215 -0.543307   1.25759  -2.39801
  2.35816  -1.52318   2.30948 -0.607082   1.24084  -2.42595
  2.36379  -1.54539    2.3368 -0.670857   1.22409  -2.45389
  2.36943  -1.56759   2.36413 -0.734632   1.20734  -2.48184
  2.37506   -1.5898   2.39146 -0.798406    1.1906  -2.50978
   2.3807    -1.612   2.41879 -0.862181   1.17385  -2.53772
  2.38633  -1.63421   2.44612 -0.925956    1.1571  -2.56566
  2.39197  -1.65641   2.47344 -0.989731   1.14035   -2.5936
  2.3976 -1.67861  2.50077 -1.05351  1.12361 -2.62154
 2.40324 -1.70082   2.5281 -1.11728  1.10686 -2.64948
 2.40887 -1.72302  2.55543 -1.18106  1.09011 -2.67742
 2.41451 -1.74523  2.58276 -1.24483  1.07336 -2.70536
 2.42014 -1.76743  2.61009 -1.30861  1.05662  -2.7333
 2.42578 -1.78964  2.63741 -1.37238  1.03987 -2.76124
 2.43141 -1.81184  2.66474 -1.43616  1.02312 -2.78918
 2.43705 -1.83405  2.69207 -1.49993  1.00637 -2.81712
 2.44268 -1.85625   2.7194 -1.56371 0.989624 -2.84506
 2.44832 -1.87845  2.74673 -1.62748 0.972876   -2.873
 2.45395 -1.90066  2.77405 -1.69125 0.956129 -2.90094
 2.45959 -1.92286  2.80138 -1.75503 0.939381 -2.92888
0.813892  -0.1584 0.103468 -0.81588  1.81953 0.598389
 0.781609  -0.21245 0.0813496 -0.787871   1.84129   0.62464
 0.749325   -0.2665 0.0592313 -0.759861   1.86305  0.650891
 0.717042 -0.320549  0.037113 -0.731851   1.88481  0.677143
 0.684758 -0.374599 0.0149946 -0.703841   1.90657  0.703394
   0.652474   -0.428648 -0.00712367   -0.675832     1.92833    0.729645
 0.620191 -0.482698 -0.029242 -0.647822   1.95009  0.755896
  0.587907  -0.536748 -0.0513603  -0.619812    1.97185   0.782147
  0.555624  -0.590797 -0.0734786  -0.591803    1.99361   0.808398
   0.52334  -0.644847 -0.0955969  -0.563793    2.01537   0.834649
 0.491057 -0.698896 -0.117715 -0.535783   2.03713    0.8609
 0.458773 -0.752946 -0.139834 -0.507773   2.05889  0.887151
 0.426489 -0.806996 -0.161952 -0.479764   2.08065  0.913403
 0.394206 -0.861045  -0.18407 -0.451754   2.10241  0.939654
 0.361922 -0.915095 -0.206188 -0.423744   2.12418  0.965905
 0.329639 -0.969144 -0.228307 -0.395734   2.14594  0.992156
 0.297355  -1.02319 -0.250425 -0.367725    2.1677   1.01841
 0.265071  -1.07724 -0.272543 -0.339715   2.18946   1.04466
 0.232788  -1.13129 -0.294662 -0.311705   2.21122   1.07091
 0.200504  -1.18534  -0.31678 -0.283695   2.23298   1.09716
 0.168221  -1.23939 -0.338898 -0.255686   2.25474   1.12341
 0.135937  -1.29344 -0.361017 -0.227676    2.2765   1.14966
 0.103654  -1.34749 -0.383135 -0.199666   2.29826   1.17591
  0.07137  -1.40154 -0.405253 -0.171656   2.32002   1.20216
0.0390864  -1.45559 -0.427372 -0.143647   2.34178   1.22842
0.00680282  -1.50964  -0.44949 -0.115637   2.36354   1.25467
-0.0254808   -1.56369  -0.471608 -0.0876271     2.3853    1.28092
-0.0577643   -1.61774  -0.493727 -0.0596173    2.40706    1.30717
-0.0900479   -1.67179  -0.515845 -0.0316076    2.42882    1.33342
  -0.122332    -1.72584   -0.537963 -0.00359785     2.45058     1.35967
-0.154615  -1.77989 -0.560082 0.0244119   2.47235   1.38592
-0.186899  -1.83394   -0.5822 0.0524216   2.49411   1.41217
-0.219182  -1.88799 -0.604318 0.0804314   2.51587   1.43842
-0.251466  -1.94204 -0.626436  0.108441   2.53763   1.46468
-0.283749  -1.99609 -0.648555  0.136451   2.55939   1.49093
-0.316033  -2.05014 -0.670673  0.164461   2.58115   1.51718
-0.348317  -2.10419 -0.692791   0.19247   2.60291   1.54343
 -0.3806 -2.15824 -0.71491  0.22048  2.62467  1.56968
-0.412884  -2.21229 -0.737028   0.24849   2.64643   1.59593
-0.445167  -2.26633 -0.759146    0.2765   2.66819   1.62218
-0.477451  -2.32038 -0.781265  0.304509   2.68995   1.64843
-0.509734  -2.37443 -0.803383  0.332519   2.71171   1.67468
-0.828191 -0.758518   1.34739   1.80054  -1.27325   -2.1708
-0.793291 -0.763811   1.33338   1.83277  -1.33434  -2.15711
-0.758391 -0.769103   1.31937     1.865  -1.39542  -2.14341
-0.723492 -0.774396   1.30535   1.89722  -1.45651  -2.12971
-0.688592 -0.779688   1.29134   1.92945  -1.51759  -2.11601
-0.653692 -0.784981   1.27732   1.96168  -1.57868  -2.10232
-0.618792 -0.790273   1.26331   1.99391  -1.63976  -2.08862
-0.583892 -0.795566    1.2493   2.02613  -1.70085  -2.07492
 0.255851 -0.415275  -1.05458  -1.55374  -1.00455   1.81355
 0.238495 -0.413619  -1.04095   -1.5832 -0.996155   1.74304
 0.221138 -0.411962  -1.02733  -1.61265 -0.987759   1.67252
 0.203781 -0.410306   -1.0137  -1.64211 -0.979363   1.60201
 0.186424  -0.40865  -1.00008  -1.67156 -0.970966    1.5315
 0.169067 -0.406994 -0.986456  -1.70102  -0.96257   1.46098
 0.151711 -0.405337 -0.972832  -1.73048 -0.954174   1.39047
 0.134354 -0.403681 -0.959207  -1.75993 -0.945777   1.31995
 0.116997 -0.402025 -0.945583  -1.78939 -0.937381   1.24944
0.0996404 -0.400369 -0.931958  -1.81884 -0.928984   1.17893
0.0822836 -0.398712 -0.918334   -1.8483 -0.920588   1.10841
0.0649268 -0.397056  -0.90471  -1.87775 -0.912192    1.0379
0.0475701   -0.3954 -0.891085  -1.90721 -0.903795  0.967384
0.0302133 -0.393744 -0.877461  -1.93667 -0.895399   0.89687
0.0128565 -0.392087 -0.863836  -1.96612 -0.887002  0.826356
-0.00450025 -0.390431 -0.850212  -1.99558 -0.878606  0.755842
-0.021857 -0.388775 -0.836588  -2.02503  -0.87021  0.685328
-0.0392138 -0.387119 -0.822963  -2.05449 -0.861813  0.614814
-0.0565706 -0.385462 -0.809339  -2.08395 -0.853417    0.5443
-0.0739273 -0.383806 -0.795714   -2.1134 -0.845021  0.473786
-0.0912841  -0.38215  -0.78209  -2.14286 -0.836624  0.403272
-0.108641 -0.380494 -0.768466  -2.17231 -0.828228  0.332758
-0.125998 -0.378837 -0.754841  -2.20177 -0.819831  0.262244
-0.143354 -0.377181 -0.741217  -2.23123 -0.811435   0.19173
-0.160711 -0.375525 -0.727592  -2.26068 -0.803039  0.121216
-0.178068 -0.373869 -0.713968  -2.29014 -0.794642 0.0507023
 -0.195425  -0.372212  -0.700344   -2.31959  -0.786246 -0.0198117
 -0.212782  -0.370556  -0.686719   -2.34905  -0.777849 -0.0903257
-0.230138   -0.3689 -0.673095  -2.37851 -0.769453  -0.16084
-0.247495 -0.367244  -0.65947  -2.40796 -0.761057 -0.231354
-0.264852 -0.365588 -0.645846  -2.43742  -0.75266 -0.301868
-0.282209 -0.363931 -0.632222  -2.46687 -0.744264 -0.372382
-0.299565 -0.362275 -0.618597  -2.49633 -0.735868 -0.442896
-0.316922 -0.360619 -0.604973  -2.52579 -0.727471  -0.51341
-0.334279 -0.358963 -0.591348  -2.55524 -0.719075 -0.583924
 -0.148351   -1.74949   -0.46998 -0.0263689    2.44893    1.36424
-0.174371  -1.77313 -0.401997  -0.04914   2.44727    1.3688
 -0.200391   -1.79678  -0.334015 -0.0719111    2.44561    1.37336
 -0.226411   -1.82043  -0.266032 -0.0946822    2.44396    1.37793
-0.252431  -1.84408 -0.198049 -0.117453    2.4423   1.38249
 -0.27845  -1.86772 -0.130066 -0.140224   2.44064   1.38706
 -0.30447  -1.89137 -0.062083 -0.162995   2.43899   1.39162
  -0.33049   -1.91502 0.00589992  -0.185767    2.43733    1.39619
 -0.35651  -1.93866 0.0738828 -0.208538   2.43567   1.40075
 -0.38253  -1.96231  0.141866 -0.231309   2.43401   1.40532
-0.408549 -1.98596 0.209849 -0.25408  2.43236  1.40988
-0.434569  -2.00961  0.277831 -0.276851    2.4307   1.41445
-0.460589  -2.03325  0.345814 -0.299622   2.42904   1.41901
-0.486609   -2.0569  0.413797 -0.322393   2.42739   1.42357
-0.512629  -2.08055   0.48178 -0.345164   2.42573   1.42814
-0.538648   -2.1042  0.549763 -0.367935   2.42407    1.4327
-0.564668  -2.12784  0.617746 -0.390706   2.42242   1.43727
-0.590688  -2.15149  0.685729 -0.413477   2.42076   1.44183
-0.616708  -2.17514  0.753712 -0.436248    2.4191    1.4464
-0.642728  -2.19878  0.821695 -0.459019   2.41744   1.45096
-0.668747  -2.22243  0.889677 -0.481791   2.41579   1.45553
-0.694767  -2.24608   0.95766 -0.504562   2.41413   1.46009
-0.720787  -2.26973   1.02564 -0.527333   2.41247   1.46465
-0.746807  -2.29337   1.09363 -0.550104   2.41082   1.46922
-0.772827  -2.31702   1.16161 -0.572875   2.40916   1.47378
-0.798846  -2.34067   1.22959 -0.595646    2.4075   1.47835
-0.824866  -2.36432   1.29757 -0.618417   2.40585   1.48291
-0.850886  -2.38796   1.36556 -0.641188   2.40419   1.48748
-0.876906  -2.41161   1.43354 -0.663959   2.40253   1.49204
-0.902926 -2.43526  1.50152 -0.68673  2.40087  1.49661
-0.928945   -2.4589   1.56951 -0.709501   2.39922   1.50117
-0.954965  -2.48255   1.63749 -0.732272   2.39756   1.50574
-0.980985   -2.5062   1.70547 -0.755044    2.3959    1.5103
   -1.007  -2.52985   1.77346 -0.777815   2.39425   1.51486
 -1.03302  -2.55349   1.84144 -0.800586   2.39259   1.51943
 -1.05904  -2.57714   1.90942 -0.823357   2.39093   1.52399
 -1.08506  -2.60079    1.9774 -0.846128   2.38928   1.52856
 -1.11108  -2.62444   2.04539 -0.868899   2.38762   1.53312
 -1.1371 -2.64808  2.11337 -0.89167  2.38596  1.53769
 -1.16312  -2.67173   2.18135 -0.914441    2.3843   1.54225
 -1.18914  -2.69538   2.24934 -0.937212   2.38265   1.54682
-0.355184 -1.49711  1.74138  1.92511 0.657094 -1.80509
-0.348704 -1.43012  1.77477  1.94421 0.650703 -1.78641
-0.342224 -1.36313  1.80817  1.96332 0.644313 -1.76774
-0.335744 -1.29613  1.84156  1.98243 0.637922 -1.74906
-0.329263 -1.22914  1.87496  2.00153 0.631531 -1.73039
-0.322783 -1.16215  1.90836  2.02064 0.625141 -1.71172
-0.316303 -1.09515  1.94175  2.03974  0.61875 -1.69304
-0.309823 -1.02816  1.97515  2.05885 0.612359 -1.67437
-0.303343 -0.961168   2.00854   2.07796  0.605969  -1.65569
-0.296863 -0.894175   2.04194   2.09706  0.599578  -1.63702
-0.290382 -0.827182   2.07534   2.11617  0.593187  -1.61834
-0.283902 -0.760189   2.10873   2.13528  0.586797  -1.59967
-0.277422 -0.693196   2.14213   2.15438  0.580406  -1.58099
-0.270942 -0.626203   2.17553   2.17349  0.574015  -1.56232
-0.264462 -0.559209   2.20892   2.19259  0.567625  -1.54364
-0.257982 -0.492216   2.24232    2.2117  0.561234  -1.52497
-0.251501 -0.425223   2.27571   2.23081  0.554844  -1.50629
-0.245021 -0.35823  2.30911  2.24991 0.548453 -1.48762
-0.238541 -0.291237   2.34251   2.26902  0.542062  -1.46895
-0.232061 -0.224244    2.3759   2.28813  0.535672  -1.45027
-0.225581 -0.157251    2.4093   2.30723  0.529281   -1.4316
 -0.219101 -0.0902581     2.4427    2.32634    0.52289   -1.41292
 -0.21262 -0.023265   2.47609   2.34544    0.5165  -1.39425
-0.448798 -0.688315   1.43194   2.39796    -1.122  -2.35619
-0.491468 -0.717681   1.44972   2.38329  -1.06743  -2.34178
-0.534138 -0.747046    1.4675   2.36861  -1.01286  -2.32736
-0.576808 -0.776412   1.48527   2.35394 -0.958292  -2.31295
-0.605721 -0.799362   1.48439   2.33637 -0.890727  -2.30018
-0.442158 -0.66431  1.40674  2.39711 -1.15166 -2.29089
-0.595629 -0.775479   1.47252   2.28571 -0.860919  -2.25401
-0.585536 -0.751597   1.46065   2.23504  -0.83111  -2.20785
-0.575444 -0.727715   1.44877   2.18437 -0.801302  -2.16168
-0.608304 -0.727748   1.44566   2.13191  -0.85162  -2.16681
 -0.63207 -0.676185   1.42697   2.07892 -0.848059  -2.16925
-0.607873 -0.652803   1.40841   2.04183 -0.809072  -2.12422
-0.606385 -0.674996    1.3796   2.01928 -0.763127  -2.07467
-0.457475 -0.678495   1.38973   2.35702  -1.21101  -2.26755
-0.472793 -0.69268  1.37271  2.31693 -1.27036 -2.24421
-0.590544  -0.65025   1.42331   2.03204 -0.710929  -2.04749
-0.574703 -0.625505   1.46702    2.0448 -0.658731  -2.02031
-0.558862 -0.600759   1.51073   2.05757 -0.606533  -1.99314
 -0.54302 -0.576013   1.55444   2.07033 -0.554335  -1.96596
-0.527179 -0.551267   1.59815   2.08309 -0.502137  -1.93878
-0.511338 -0.526521   1.64186   2.09585 -0.449939   -1.9116
-0.495497 -0.501775   1.68557   2.10861  -0.39774  -1.88442
-0.479656  -0.47703   1.72928   2.12137 -0.345542  -1.85725
-0.463815 -0.452284   1.77299   2.13414 -0.293344  -1.83007
-0.447974 -0.427538    1.8167    2.1469 -0.241146  -1.80289
-0.432132 -0.402792   1.86041   2.15966 -0.188948  -1.77571
-0.416291 -0.378046   1.90412   2.17242  -0.13675  -1.74854
  -0.40045    -0.3533    1.94783    2.18518 -0.0845517   -1.72136
 -0.384609  -0.328555    1.99154    2.19795 -0.0323536   -1.69418
-0.368768 -0.303809   2.03525   2.21071 0.0198445    -1.667
-0.352927 -0.279063   2.07896   2.22347 0.0720426  -1.63983
-0.337085 -0.254317   2.12267   2.23623  0.124241  -1.61265
-0.321244 -0.229571   2.16638   2.24899  0.176439  -1.58547
-0.305403 -0.204825   2.21009   2.26176  0.228637  -1.55829
-0.289562 -0.180079    2.2538   2.27452  0.280835  -1.53112
-0.273721 -0.155334   2.29751   2.28728  0.333033  -1.50394
 -0.25788 -0.130588   2.34122   2.30004  0.385231  -1.47676
-0.242039 -0.105842   2.38493    2.3128  0.437429  -1.44958
 -0.226197 -0.0810961    2.42864    2.32557   0.489628   -1.42241
 -0.210356 -0.0563503    2.47235    2.33833   0.541826   -1.39523
