-1.69642 -1.51015  2.20146  2.45029 0.125621  -2.3562
 -1.64874  -1.47875   2.17206   2.44829 0.0779487   -2.3562
 -1.60107  -1.44735   2.14265   2.44629 0.0302764   -2.3562
   -1.5534   -1.41594    2.11325    2.44429 -0.0173959    -2.3562
  -1.50573   -1.38454    2.08385    2.44229 -0.0650681    -2.3562
-1.45806 -1.35314  2.05444  2.44029 -0.11274  -2.3562
 -1.41038  -1.32173   2.02504   2.43829 -0.160413   -2.3562
 -1.36271  -1.29033   1.99563   2.43629 -0.208085   -2.3562
 -1.31504  -1.25893   1.96623   2.43429 -0.255757   -2.3562
 -1.26737  -1.22753   1.93683    2.4323 -0.303429   -2.3562
 -1.21969  -1.19612   1.90742    2.4303 -0.351102   -2.3562
 -1.17202  -1.16472   1.87802    2.4283 -0.398774   -2.3562
 -1.12435  -1.13332   1.84862    2.4263 -0.446446   -2.3562
 -1.07668  -1.10191   1.81921    2.4243 -0.494118   -2.3562
 -1.02901  -1.07051   1.78981    2.4223 -0.541791   -2.3562
-0.981333  -1.03911   1.76041    2.4203 -0.589463   -2.3562
-0.933661  -1.00771     1.731    2.4183 -0.637135   -2.3562
-0.885989 -0.976303    1.7016    2.4163 -0.684807   -2.3562
-0.838317  -0.9449  1.67219   2.4143 -0.73248  -2.3562
-0.790644 -0.913497   1.64279    2.4123 -0.780152   -2.3562
-0.742972 -0.882094   1.61339    2.4103 -0.827824  -2.35619
-0.897582 -0.940054   1.70381   2.36625 -0.671303  -2.30867
-0.909175 -0.903805   1.70602    2.3162 -0.657798  -2.26114
-0.920769 -0.867557   1.70824   2.26614 -0.644293   -2.2136
-0.932362 -0.831308   1.71045   2.21609 -0.630788  -2.16607
-0.943955 -0.795059   1.71266   2.16604 -0.617283  -2.11854
-0.955548  -0.75881   1.71488   2.11599 -0.603778  -2.07101
-0.967141 -0.722561   1.71709   2.06594 -0.590273  -2.02348
-0.978735 -0.686313    1.7193   2.01588 -0.576768  -1.97595
-0.950179 -0.706638    1.7265   1.99822 -0.529339  -1.92537
-0.921623 -0.726964    1.7337   1.98056 -0.481909   -1.8748
-0.893068 -0.747289    1.7409    1.9629  -0.43448  -1.82422
-0.864512 -0.767615    1.7481   1.94524  -0.38705  -1.77364
-0.835957  -0.78794    1.7553   1.92758 -0.339621  -1.72306
-0.807401 -0.808266    1.7625   1.90992 -0.292191  -1.67248
-0.778845 -0.828591    1.7697   1.89226 -0.244762   -1.6219
 -0.75029 -0.848917    1.7769    1.8746 -0.197332  -1.57132
-0.721734 -0.869242    1.7841   1.85694 -0.149903  -1.52075
-0.682679 -0.832727   1.76242    1.8265 -0.170261  -1.47915
-0.712698  -0.84619    1.7138   1.81914 -0.150693  -1.42899
 -0.71788 -0.869322   1.67182   1.83636 -0.162016  -1.36856
-0.723062 -0.892454   1.62984   1.85358 -0.173338  -1.30814
-0.728245 -0.915586   1.58786    1.8708 -0.184661  -1.24771
-0.733427 -0.938718   1.54588   1.88802 -0.195983  -1.18729
-0.738609  -0.96185   1.50391   1.90524 -0.207305  -1.12687
-0.743792 -0.984982   1.46193   1.92247 -0.218628  -1.06644
-0.748974 -1.00811  1.41995  1.93969 -0.22995 -1.00602
-0.754156  -1.03125   1.37797   1.95691 -0.241272 -0.945593
-0.759339  -1.05438   1.33599   1.97413 -0.252595 -0.885169
-0.764521  -1.07751   1.29401   1.99135 -0.263917 -0.824745
-0.769703  -1.10064   1.25203   2.00857 -0.275239 -0.764321
-0.774886  -1.12377   1.21006   2.02579 -0.286562 -0.703896
-0.780068   -1.1469   1.16808   2.04302 -0.297884 -0.643472
 -0.78525  -1.17004    1.1261   2.06024 -0.309207 -0.583048
-0.767927  -1.12166   1.09544   2.03772 -0.288178   -0.5398
-0.750604  -1.07329   1.06477   2.01521 -0.267149 -0.496552
-0.733281  -1.02491   1.03411   1.99269 -0.246121 -0.453304
-0.715958 -0.976539   1.00344   1.97017 -0.225092 -0.410056
-0.698635 -0.928164  0.972781   1.94766 -0.204064 -0.366808
-0.681311  -0.87979  0.942117   1.92514 -0.183035  -0.32356
-0.663988 -0.831415  0.911454   1.90262 -0.162006 -0.280312
-0.646665 -0.783041   0.88079   1.88011 -0.140978 -0.237064
-0.625543 -0.797795  0.848667   1.85341 -0.116404 -0.178861
-0.617992 -0.837744  0.850536    1.8297  -0.14665 -0.121708
  -0.61044  -0.877692   0.852405    1.80598  -0.176896 -0.0645541
 -1.69811  -1.55532   2.22491   2.45291 0.0897733  -2.30605
  -1.6998  -1.60049   2.24837   2.45552 0.0539257   -2.2559
 -1.7015 -1.64566  2.27182  2.45814 0.018078 -2.20575
  -1.70319   -1.69082    2.29528    2.46075 -0.0177696    -2.1556
  -1.70488   -1.73599    2.31873    2.46337 -0.0536172   -2.10545
  -1.70658   -1.78116    2.34219    2.46598 -0.0894649    -2.0553
 -1.70827  -1.82633   2.36564    2.4686 -0.125312  -2.00516
-1.70997  -1.8715  2.38909  2.47121 -0.16116 -1.95501
 -1.71166  -1.91667   2.41255   2.47383 -0.197008  -1.90486
 -1.71335  -1.96183     2.436   2.47644 -0.232855  -1.85471
 -1.71505    -2.007   2.45946   2.47906 -0.268703  -1.80456
 -1.71674  -2.05217   2.48291   2.48168 -0.304551  -1.75441
 -1.71843  -2.09734   2.50637   2.48429 -0.340398  -1.70426
 -1.72013  -2.14251   2.52982   2.48691 -0.376246  -1.65411
 -1.72182  -2.18768   2.55327   2.48952 -0.412094  -1.60396
 -1.72351  -2.23284   2.57673   2.49214 -0.447941  -1.55381
 -1.72521  -2.27801   2.60018   2.49475 -0.483789  -1.50366
  -1.7269  -2.32318   2.62364   2.49737 -0.519636  -1.45351
 -1.72859  -2.36835   2.64709   2.49998 -0.555484  -1.40336
 -1.73029  -2.41352   2.67054    2.5026 -0.591332  -1.35321
 -1.73198  -2.45869     2.694   2.50521 -0.627179  -1.30306
 -1.73367  -2.50385   2.71745   2.50783 -0.663027  -1.25291
 -1.73537  -2.54902   2.74091   2.51045 -0.698875  -1.20276
 -1.73706  -2.59419   2.76436   2.51306 -0.734722  -1.15262
-1.73875 -2.63936  2.78782  2.51568 -0.77057 -1.10247
-0.606996 -0.809032  0.788932   1.83233 -0.129637 -0.220597
-0.679258 -0.914521   1.79181   1.82492 -0.158185  -1.55806
-1.71629 -1.49587  2.21504  2.45452 0.191246 -2.32025
-1.73615 -1.48159  2.22861  2.45874  0.25687  -2.2843
-1.75602 -1.46731  2.24219  2.46297 0.322495 -2.24835
-1.77589 -1.45303  2.25576   2.4672  0.38812 -2.21239
-0.928505 -0.701877   1.67022   1.94946 -0.457664  -1.88657
-0.786742  -1.15359   1.16094   1.98811 -0.296545 -0.741816
-0.798599  -1.18341   1.11183   1.95042 -0.306528 -0.779736
-0.898009 -0.642586   1.64654   1.94114 -0.427355  -1.90671
-0.867512 -0.583295   1.62285   1.93281 -0.397046  -1.92685
-0.837016 -0.524003   1.59917   1.92448 -0.366738  -1.94699
 -0.80652 -0.464712   1.57548   1.91615 -0.336429  -1.96713
-0.776023 -0.405421    1.5518   1.90783  -0.30612  -1.98727
-0.745527  -0.34613   1.52812    1.8995 -0.275812  -2.00741
-0.715031 -0.286838   1.50443   1.89117 -0.245503  -2.02755
-0.684534 -0.227547   1.48075   1.88285 -0.215194  -2.04769
-0.654038 -0.168256   1.45706   1.87452 -0.184886  -2.06783
-0.623542 -0.108965   1.43338   1.86619 -0.154577  -2.08797
 -0.593045 -0.0496736    1.40969    1.85787  -0.124268   -2.10811
-0.448798 -0.688315   1.43194   2.39796    -1.122  -2.35619
-0.463631 -0.698148   1.45108   2.36856  -1.06917  -2.31079
-0.478465 -0.707981   1.47022   2.33916  -1.01634  -2.26539
-0.493298 -0.717813   1.48936   2.30976 -0.963508  -2.21998
-0.508131 -0.727646    1.5085   2.28035 -0.910678  -2.17458
-0.522964 -0.737479   1.52764   2.25095 -0.857848  -2.12917
-0.537797 -0.747312   1.54677   2.22155 -0.805018  -2.08377
 -0.55263 -0.757144   1.56591   2.19215 -0.752188  -2.03837
-0.602422  -0.78547   1.59399   2.20334 -0.705772  -2.04545
-0.652214 -0.813796   1.62207   2.21454 -0.659357  -2.05253
-0.702006 -0.842121   1.65015   2.22573 -0.612941  -2.05962
-0.751799 -0.870447   1.67823   2.23693 -0.566525   -2.0667
-0.801591 -0.898772   1.70631   2.24812  -0.52011  -2.07379
-0.707189 -0.860432   1.62127   2.21096 -0.596501  -1.99095
-0.601686 -0.727662   1.57951    2.1762 -0.660087  -2.05037
-0.600949 -0.669855   1.56503   2.14906 -0.614401   -2.0553
-0.600212 -0.612047   1.55055   2.12191 -0.568715  -2.06022
-0.599476 -0.55424  1.53607  2.09477 -0.52303 -2.06514
-0.598739 -0.496432    1.5216   2.06763 -0.477344  -2.07006
-0.598002 -0.438625   1.50712   2.04049 -0.431659  -2.07499
-0.597266 -0.380817   1.49264   2.01335 -0.385973  -2.07991
-0.596529  -0.32301   1.47816    1.9862 -0.340288  -2.08483
-0.595792 -0.265202   1.46368   1.95906 -0.294602  -2.08975
-0.595055 -0.207395    1.4492   1.93192 -0.248916  -2.09468
-0.594319 -0.149587   1.43472   1.90478 -0.203231   -2.0996
 -0.593582 -0.0917799    1.42024    1.87764  -0.157545   -2.10452
