-1.69642 -1.51015  2.20146  2.45029 0.125621  -2.3562
 -1.64874  -1.47875   2.17206   2.44829 0.0779487   -2.3562
 -1.60107  -1.44735   2.14265   2.44629 0.0302764   -2.3562
   -1.5534   -1.41594    2.11325    2.44429 -0.0173959    -2.3562
  -1.50573   -1.38454    2.08385    2.44229 -0.0650681    -2.3562
-1.45806 -1.35314  2.05444  2.44029 -0.11274  -2.3562
 -1.41038  -1.32173   2.02504   2.43829 -0.160413   -2.3562
 -1.36271  -1.29033   1.99563   2.43629 -0.208085   -2.3562
 -1.31504  -1.25893   1.96623   2.43429 -0.255757   -2.3562
 -1.26737  -1.22753   1.93683    2.4323 -0.303429   -2.3562
 -1.21969  -1.19612   1.90742    2.4303 -0.351102   -2.3562
 -1.17202  -1.16472   1.87802    2.4283 -0.398774   -2.3562
 -1.12435  -1.13332   1.84862    2.4263 -0.446446   -2.3562
 -1.07668  -1.10191   1.81921    2.4243 -0.494118   -2.3562
 -1.02901  -1.07051   1.78981    2.4223 -0.541791   -2.3562
-0.981333  -1.03911   1.76041    2.4203 -0.589463   -2.3562
-0.933661  -1.00771     1.731    2.4183 -0.637135   -2.3562
-0.885989 -0.976303    1.7016    2.4163 -0.684807   -2.3562
-0.838317  -0.9449  1.67219   2.4143 -0.73248  -2.3562
-0.790644 -0.913497   1.64279    2.4123 -0.780152   -2.3562
-0.742972 -0.882094   1.61339    2.4103 -0.827824  -2.35619
-0.760204 -0.841709   1.58227   2.36151 -0.852162  -2.33316
-0.777436 -0.801323   1.55115   2.31272   -0.8765  -2.31012
-0.794668 -0.760937   1.52003   2.26392 -0.900839  -2.28708
  -0.8119 -0.720552   1.48891   2.21513 -0.925177  -2.26405
-0.829131 -0.680166    1.4578   2.16634 -0.949515  -2.24101
-0.846363  -0.63978   1.42668   2.11755 -0.973853  -2.21797
-0.863595 -0.599394   1.39556   2.06876 -0.998191  -2.19494
-0.880827 -0.559009   1.36444   2.01996  -1.02253   -2.1719
-0.898059 -0.518623   1.33333   1.97117  -1.04687  -2.14886
-0.915291 -0.478237   1.30221   1.92238  -1.07121  -2.12583
-0.932523 -0.437851   1.27109   1.87359  -1.09554  -2.10279
-0.949754 -0.397466   1.23997   1.82479  -1.11988  -2.07975
-0.966986 -0.35708  1.20885    1.776 -1.14422 -2.05672
-0.984218 -0.316694   1.17774   1.72721  -1.16856  -2.03368
 -1.00145 -0.276309   1.14662   1.67842   -1.1929  -2.01065
 -1.01868 -0.235923    1.1155   1.62962  -1.21723  -1.98761
 -1.03591 -0.195537   1.08438   1.58083  -1.24157  -1.96457
 -1.05315 -0.155151   1.05326   1.53204  -1.26591  -1.94154
 -1.07038 -0.114766   1.02215   1.48325  -1.29025   -1.9185
-1.08761 -0.07438 0.991027  1.43445 -1.31459 -1.89546
  -1.10484 -0.0339943   0.959909    1.38566   -1.33893   -1.87243
  -1.12207 0.00639143   0.928792    1.33687   -1.36326   -1.84939
  -1.1393 0.0467771  0.897674   1.28808   -1.3876  -1.82635
 -1.15654 0.0871629  0.866556   1.23928  -1.41194  -1.80332
-1.17377 0.127549 0.835438  1.19049 -1.43628 -1.78028
  -1.191 0.167934  0.80432   1.1417 -1.46062 -1.75724
-1.20823  0.20832 0.773202  1.09291 -1.48495 -1.73421
-1.22546 0.248706 0.742084  1.04412 -1.50929 -1.71117
 -1.2427 0.289091 0.710966 0.995323 -1.53363 -1.68813
-1.25993 0.329477 0.679848 0.946531 -1.55797  -1.6651
-1.27716 0.369863  0.64873 0.897738 -1.58231 -1.64206
-1.29439 0.410249 0.617612 0.848946 -1.60665 -1.61902
-1.31162 0.450634 0.586494 0.800153 -1.63098 -1.59599
-1.32886  0.49102 0.555376 0.751361 -1.65532 -1.57295
-1.34609 0.531406 0.524258 0.702569 -1.67966 -1.54991
-1.36332 0.571791  0.49314 0.653776   -1.704 -1.52688
-1.38055 0.612177 0.462022 0.604984 -1.72834 -1.50384
-1.34047 0.611873 0.431153 0.552708 -1.74808 -1.47705
-1.68472 -1.56809  2.21708  2.46307 0.175443 -2.36027
-1.67303 -1.62603   2.2327  2.47585 0.225266 -2.36434
-1.66133 -1.68397  2.24832  2.48863 0.275089 -2.36841
-1.64963 -1.74191  2.26393  2.50141 0.324911 -2.37248
-1.63794 -1.79985  2.27955  2.51419 0.374734 -2.37655
-1.62624 -1.85779  2.29517  2.52697 0.424556 -2.38062
-1.61455 -1.91573  2.31079  2.53975 0.474379 -2.38469
-1.60285 -1.97367  2.32641  2.55253 0.524201 -2.38876
-1.59116 -2.03161  2.34203  2.56531 0.574024 -2.39283
-1.57946 -2.08956  2.35764  2.57809 0.623846  -2.3969
-1.56777  -2.1475  2.37326  2.59088 0.673669 -2.40097
-1.55607 -2.20544  2.38888  2.60366 0.723491 -2.40504
-1.54437 -2.26338   2.4045  2.61644 0.773314  -2.4091
-1.53268 -2.32132  2.42012  2.62922 0.823137 -2.41317
-1.52098 -2.37926  2.43574    2.642 0.872959 -2.41724
-1.50929  -2.4372  2.45135  2.65478 0.922782 -2.42131
-1.49759 -2.49514  2.46697  2.66756 0.972604 -2.42538
 -1.4859 -2.55308  2.48259  2.68034  1.02243 -2.42945
 -1.4742 -2.61102  2.49821  2.69312  1.07225 -2.43352
 -1.4625 -2.66896  2.51383   2.7059  1.12207 -2.43759
-1.45081  -2.7269  2.52945  2.71868  1.17189 -2.44166
-1.19857 0.292837 0.673103  1.01547 -1.50768 -1.64425
-1.15443 0.296583  0.63524  1.03561 -1.48174 -1.60036
 -1.1103 0.300329 0.597377  1.05576 -1.45579 -1.55648
-1.06617 0.304075 0.559513   1.0759 -1.42984  -1.5126
-1.02204 0.307821  0.52165  1.09604 -1.40389 -1.46871
-0.977912 0.311567 0.483787  1.11619 -1.37795 -1.42483
-0.933782 0.315312 0.445924  1.13633   -1.352 -1.38094
-0.889651 0.319058 0.408061  1.15648 -1.32605 -1.33706
-0.845521 0.322804 0.370198  1.17662  -1.3001 -1.29318
-0.80139  0.32655 0.332335  1.19677 -1.27416 -1.24929
-0.757259 0.330296 0.294472  1.21691 -1.24821 -1.20541
-0.713129 0.334042 0.256609  1.23705 -1.22226 -1.16153
-0.668998 0.337787 0.218746   1.2572 -1.19632 -1.11764
-0.624867 0.341533 0.180883  1.27734 -1.17037 -1.07376
-0.580737 0.345279  0.14302  1.29749 -1.14442 -1.02987
-0.536606  0.349025  0.105157   1.31763  -1.11847 -0.985991
-0.492476  0.352771 0.0672935   1.33777  -1.09253 -0.942107
-0.448345  0.356517 0.0294305   1.35792  -1.06658 -0.898223
  -0.404214    0.360262 -0.00843262     1.37806    -1.04063   -0.854339
 -0.360084   0.364008 -0.0462957    1.39821   -1.01468  -0.810455
 -0.315953   0.367754 -0.0841588    1.41835  -0.988736  -0.766571
-0.271823    0.3715 -0.122022    1.4385 -0.962789 -0.722688
-0.227692  0.375246 -0.159885   1.45864 -0.936842 -0.678804
-0.183561  0.378992 -0.197748   1.47878 -0.910894  -0.63492
-0.139431  0.382738 -0.235611   1.49893 -0.884947 -0.591036
-0.0953001  0.386483 -0.273474   1.51907    -0.859 -0.547152
-0.0521442  0.383809   -0.2868   1.46066  -0.82861 -0.551311
-0.00898822  0.381135 -0.300126   1.40225  -0.79822  -0.55547
0.0341677  0.378461 -0.313452   1.34384  -0.76783  -0.55963
0.0773236  0.375787 -0.326778   1.28542  -0.73744 -0.563789
  0.12048  0.373113 -0.340104   1.22701 -0.707049 -0.567948
 0.163635  0.370438  -0.35343    1.1686 -0.676659 -0.572107
 0.206791  0.367764 -0.366756   1.11019 -0.646269 -0.576266
 0.249947   0.36509 -0.380082   1.05178 -0.615879 -0.580425
 0.293103  0.362416 -0.393408  0.993363 -0.585489 -0.584584
 0.336259  0.359742 -0.406734  0.934951 -0.555099 -0.588743
 0.379415  0.357068  -0.42006  0.876539 -0.524709 -0.592902
 0.422571  0.354394 -0.433386  0.818127 -0.494319 -0.597061
 0.465727  0.351719 -0.446712  0.759715 -0.463929  -0.60122
 0.508883  0.349045 -0.460038  0.701302 -0.433539 -0.605379
 0.552039  0.346371 -0.473364   0.64289 -0.403149 -0.609539
 0.595195  0.343697 -0.486689  0.584478 -0.372759 -0.613698
 0.638351  0.341023 -0.500015  0.526066 -0.342369 -0.617857
 0.681507  0.338349 -0.513341  0.467654 -0.311979 -0.622016
 0.724663  0.335675 -0.526667  0.409242 -0.281589 -0.626175
 0.767818     0.333 -0.539993  0.350829 -0.251199 -0.630334
 0.810974  0.330326 -0.553319  0.292417 -0.220809 -0.634493
  0.85413  0.327652 -0.566645  0.234005 -0.190419 -0.638652
 0.897286  0.324978 -0.579971  0.175593 -0.160029 -0.642811
 0.940442  0.322304 -0.593297  0.117181 -0.129639  -0.64697
 0.983598   0.31963 -0.606623 0.0587686 -0.099249 -0.651129
    1.02675    0.316956   -0.619949 0.000356385   -0.068859   -0.655288
   1.06991   0.314281  -0.633275 -0.0580558  -0.038469  -0.659448
    1.11307    0.311607   -0.646601   -0.116468 -0.00807894   -0.663607
  1.15622  0.308933 -0.659927  -0.17488 0.0223111 -0.667766
  1.19938  0.306259 -0.673253 -0.233292 0.0527011 -0.671925
  1.24253  0.303585 -0.686579 -0.291704 0.0830911 -0.676084
  1.28569  0.300911 -0.699905 -0.350117  0.113481 -0.680243
  1.32885  0.298236 -0.713231 -0.408529  0.143871 -0.684402
    1.372  0.295562 -0.726557 -0.466941  0.174261 -0.688561
  1.41516  0.292888 -0.739883 -0.525353  0.204651  -0.69272
  1.45831  0.290214 -0.753209 -0.583765  0.235041 -0.696879
  1.50147   0.28754 -0.766535 -0.642178  0.265431 -0.701038
  1.54463  0.284866 -0.779861  -0.70059  0.295821 -0.705198
  1.58778  0.282192 -0.793187 -0.759002  0.326211 -0.709357
  1.63094  0.279517 -0.806513 -0.817414  0.356601 -0.713516
  1.67409  0.276843 -0.819838 -0.875826  0.386991 -0.717675
  1.71725  0.274169 -0.833164 -0.934238  0.417381 -0.721834
   1.7604  0.271495  -0.84649 -0.992651  0.447771 -0.725993
  1.80356  0.268821 -0.859816  -1.05106  0.478161 -0.730152
  1.84672  0.266147 -0.873142  -1.10947  0.508551 -0.734311
  1.88987  0.263473 -0.886468  -1.16789  0.538941  -0.73847
  1.93303  0.260798 -0.899794   -1.2263  0.569332 -0.742629
  1.97618  0.258124  -0.91312  -1.28471  0.599722 -0.746788
  2.01934   0.25545 -0.926446  -1.34312  0.630112 -0.750947
   2.0625  0.252776 -0.939772  -1.40154  0.660502 -0.755107
  2.10565  0.250102 -0.953098  -1.45995  0.690892 -0.759266
  2.14881  0.247428 -0.966424  -1.51836  0.721282 -0.763425
  2.19196  0.244753  -0.97975  -1.57677  0.751672 -0.767584
  2.23512  0.242079 -0.993076  -1.63518  0.782062 -0.771743
  2.27828  0.239405   -1.0064   -1.6936  0.812452 -0.775902
  2.32143  0.236731  -1.01973  -1.75201  0.842842 -0.780061
 2.36459 0.234057 -1.03305 -1.81042 0.873232 -0.78422
  2.40774  0.231383  -1.04638  -1.86883  0.903622 -0.788379
   2.4509  0.228709  -1.05971  -1.92725  0.934012 -0.792538
  2.49406  0.226034  -1.07303  -1.98566  0.964402 -0.796697
  1.28403  0.351534 -0.692982 -0.329718  0.159016 -0.716258
  1.28237  0.402157 -0.686059  -0.30932  0.204551 -0.752273
  1.28071  0.452781 -0.679136 -0.288922  0.250086 -0.788288
  1.27905  0.503404 -0.672213 -0.268524   0.29562 -0.824303
  1.27739  0.554028 -0.665291 -0.248126  0.341155 -0.860318
  1.27573  0.604651 -0.658368 -0.227727   0.38669 -0.896333
  1.27407  0.655275 -0.651445 -0.207329  0.432225 -0.932348
  1.27241  0.705898 -0.644522 -0.186931  0.477759 -0.968363
  1.27075  0.756522 -0.637599 -0.166533  0.523294  -1.00438
  1.26909  0.807145 -0.630676 -0.146134  0.568829  -1.04039
  1.26743  0.857768 -0.623753 -0.125736  0.614364  -1.07641
  1.26577  0.908392 -0.616831 -0.105338  0.659899  -1.11242
   1.26411   0.959015  -0.609908 -0.0849397   0.705433   -1.14844
   1.26245    1.00964  -0.602985 -0.0645415   0.750968   -1.18445
   1.26079    1.06026  -0.596062 -0.0441432   0.796503   -1.22047
  1.25913   1.11089 -0.589139 -0.023745  0.842038  -1.25648
0.0571748  0.356625 -0.332481   1.35765 -0.776754 -0.490627
0.0801819  0.334789  -0.35151   1.37146 -0.785678 -0.421624
 0.103189  0.312953 -0.370539   1.38527 -0.794602 -0.352621
 0.126196  0.291117 -0.389567   1.39908 -0.803525 -0.283618
 0.149203  0.269281 -0.408596   1.41289 -0.812449 -0.214615
  0.17221  0.247445 -0.427625    1.4267 -0.821373 -0.145612
  0.195217   0.225609  -0.446654    1.44051  -0.830297 -0.0766094
   0.218224    0.203773   -0.465683     1.45432   -0.839221 -0.00760648
 0.241231  0.181937 -0.484712   1.46813 -0.848145 0.0613964
 0.264239  0.160101 -0.503741   1.48194 -0.857069  0.130399
 0.287246  0.138265 -0.522769   1.49575 -0.865993  0.199402
 0.310253  0.116429 -0.541798   1.50956 -0.874917  0.268405
  0.33326 0.0945927 -0.560827   1.52337 -0.883841  0.337408
 0.356267 0.0727567 -0.579856   1.53718 -0.892765  0.406411
 0.379274 0.0509206 -0.598885   1.55099 -0.901689  0.475414
 0.402281 0.0290846 -0.617914    1.5648 -0.910613  0.544417
 0.425288 0.0072486 -0.636943   1.57861 -0.919537  0.613419
  0.448295 -0.0145874  -0.655971    1.59243  -0.928461   0.682422
  1.72683  0.254712 -0.805252 -0.999144  0.501651 -0.707416
  1.69325  0.237928 -0.764014  -1.00564  0.555531  -0.68884
  1.65967  0.221145 -0.722775  -1.01213  0.609411 -0.670263
   1.6261  0.204361 -0.681537  -1.01862  0.663291 -0.651686
  1.59252  0.187578 -0.640298  -1.02512  0.717171  -0.63311
  1.55894  0.170794  -0.59906  -1.03161  0.771051 -0.614533
  1.52537  0.154011 -0.557822   -1.0381  0.824931 -0.595956
  1.49179  0.137227 -0.516583  -1.04459  0.878811 -0.577379
  1.45821  0.120444 -0.475345  -1.05109  0.932691 -0.558803
  1.42464   0.10366 -0.434106  -1.05758  0.986571 -0.540226
  1.39106 0.0868769 -0.392868  -1.06407   1.04045 -0.521649
  1.35748 0.0700935 -0.351629  -1.07057   1.09433 -0.503073
  1.32391   0.05331 -0.310391  -1.07706   1.14821 -0.484496
  1.29033 0.0365266 -0.269153  -1.08355   1.20209 -0.465919
  1.25675 0.0197431 -0.227914  -1.09005   1.25597 -0.447343
   1.22318 0.00295965  -0.186676   -1.09654    1.30985  -0.428766
    1.1896 -0.0138238  -0.145437   -1.10303    1.36373  -0.410189
   1.15602 -0.0306073  -0.104199   -1.10953    1.41761  -0.391613
   1.12244 -0.0473907 -0.0629606   -1.11602    1.47149  -0.373036
   1.08887 -0.0641742 -0.0217222   -1.12251    1.52537  -0.354459
   1.05529 -0.0809576  0.0195162     -1.129    1.57925  -0.335883
   1.02171 -0.0977411  0.0607546    -1.1355    1.63313  -0.317306
 0.988138 -0.114525  0.101993  -1.14199   1.68701 -0.298729
 0.954561 -0.131308  0.143231  -1.14848   1.74089 -0.280153
 0.920984 -0.148091   0.18447  -1.15498   1.79477 -0.261576
 0.887407 -0.164875  0.225708  -1.16147   1.84865 -0.242999
  0.85383 -0.181658  0.266947  -1.16796   1.90253 -0.224423
 0.820253 -0.198442  0.308185  -1.17446   1.95641 -0.205846
 0.786677 -0.215225  0.349423  -1.18095   2.01029 -0.187269
   0.7531 -0.232009  0.390662  -1.18744   2.06417 -0.168692
 0.719523 -0.248792    0.4319  -1.19393   2.11805 -0.150116
 0.685946 -0.265576  0.473139  -1.20043   2.17193 -0.131539
 0.652369 -0.282359  0.514377  -1.20692   2.22581 -0.112962
  0.618792  -0.299143   0.555616   -1.21341    2.27969 -0.0943858
  0.585216  -0.315926   0.596854   -1.21991    2.33357 -0.0758091
  0.551639   -0.33271   0.638092    -1.2264    2.38745 -0.0572324
  0.518062  -0.349493   0.679331   -1.23289    2.44133 -0.0386557
  1.50208  0.307564 -0.726231 -0.680952  0.213263 -0.688821
  1.50269  0.327587 -0.685927 -0.719727  0.161094 -0.676604
   1.5033  0.347611 -0.645624 -0.758502  0.108926 -0.664386
  1.50391  0.367635  -0.60532 -0.797276 0.0567572 -0.652169
   1.50453   0.387659  -0.565017  -0.836051 0.00458867  -0.639951
   1.50514   0.407682  -0.524713  -0.874826 -0.0475799  -0.627734
   1.50575   0.427706   -0.48441    -0.9136 -0.0997484  -0.615516
  1.50636   0.44773 -0.444106 -0.952375 -0.151917 -0.603299
  1.50697  0.467753 -0.403802  -0.99115 -0.204085 -0.591081
  1.50758  0.487777 -0.363499  -1.02992 -0.256254 -0.578864
  1.50819  0.507801 -0.323195   -1.0687 -0.308422 -0.566646
   1.5088  0.527825 -0.282892  -1.10747 -0.360591 -0.554429
  1.50941  0.547848 -0.242588  -1.14625  -0.41276 -0.542212
  1.51003  0.567872 -0.202284  -1.18502 -0.464928 -0.529994
  1.51064  0.587896 -0.161981   -1.2238 -0.517097 -0.517777
  1.51125   0.60792 -0.121677  -1.26257 -0.569265 -0.505559
   1.51186   0.627943 -0.0813737   -1.30135  -0.621434  -0.493342
   1.51247   0.647967 -0.0410702   -1.34012  -0.673602  -0.481124
     1.51308     0.667991 -0.000766577      -1.3789    -0.725771    -0.468907
  1.51369  0.688014  0.039537  -1.41767 -0.777939 -0.456689
   1.5143  0.708038 0.0798406  -1.45645 -0.830108 -0.444472
  1.51492  0.728062  0.120144  -1.49522 -0.882276 -0.432254
  1.51553  0.748086  0.160448    -1.534 -0.934445 -0.420037
  1.51614  0.768109  0.200751  -1.57277 -0.986613  -0.40782
  1.51675  0.788133  0.241055  -1.61155  -1.03878 -0.395602
  1.51736  0.808157  0.281358  -1.65032  -1.09095 -0.383385
  1.51797  0.828181  0.321662  -1.68909  -1.14312 -0.371167
 1.51858 0.848204 0.361966 -1.72787 -1.19529 -0.35895
  1.51919  0.868228  0.402269  -1.76664  -1.24746 -0.346732
   1.5198  0.888252  0.442573  -1.80542  -1.29962 -0.334515
  1.52042  0.908275  0.482876  -1.84419  -1.35179 -0.322297
 1.52103 0.928299  0.52318 -1.88297 -1.40396 -0.31008
  1.52164  0.948323  0.563484  -1.92174  -1.45613 -0.297863
  1.52225  0.968347  0.603787  -1.96052   -1.5083 -0.285645
  1.52286   0.98837  0.644091  -1.99929  -1.56047 -0.273428
 0.280193  0.171185 -0.567023   1.47812 -0.866197  0.296642
 0.250133  0.225941 -0.592247   1.44668 -0.857477  0.324878
 0.220074  0.280697 -0.617471   1.41524 -0.848756  0.353115
 0.190014  0.335454 -0.642695    1.3838 -0.840036  0.381352
 0.159954   0.39021  -0.66792   1.35236 -0.831315  0.409588
 0.129895  0.444966 -0.693144   1.32091 -0.822595  0.437825
 0.099835  0.499722 -0.718368   1.28947 -0.813875  0.466062
0.0697754  0.554478 -0.743592   1.25803 -0.805154  0.494298
0.0397157  0.609235 -0.768816   1.22659 -0.796434  0.522535
0.00965603  0.663991 -0.794041   1.19515 -0.787713  0.550771
-0.0204036  0.718747 -0.819265   1.16371 -0.778993  0.579008
-0.0504633  0.773503 -0.844489   1.13227 -0.770273  0.607245
-0.080523  0.828259 -0.869713   1.10082 -0.761552  0.635481
-0.110583  0.883016 -0.894938   1.06938 -0.752832  0.663718
-0.140642  0.937772 -0.920162   1.03794 -0.744111  0.691955
-0.170702  0.992528 -0.945386    1.0065 -0.735391  0.720191
-0.200762  1.04728 -0.97061 0.975059 -0.72667 0.748428
-0.230821   1.10204 -0.995835  0.943618  -0.71795  0.776665
-0.260881   1.1568 -1.02106 0.912177 -0.70923 0.804901
-0.290941   1.21155  -1.04628  0.880735 -0.700509  0.833138
  0.475944  -0.388963   0.630269   -1.20728    2.44354 -0.0388582
  0.433826  -0.428432   0.581207   -1.18166    2.44575 -0.0390606
 0.391708 -0.467902  0.532144  -1.15604   2.44796 -0.039263
   0.34959  -0.507372   0.483082   -1.13043    2.45017 -0.0394655
  0.307472  -0.546841    0.43402   -1.10481    2.45238 -0.0396679
  0.265354  -0.586311   0.384958   -1.07919    2.45459 -0.0398703
  0.223236  -0.625781   0.335896   -1.05358     2.4568 -0.0400728
  0.181118  -0.665251   0.286834   -1.02796    2.45901 -0.0402752
     0.139   -0.70472   0.237772   -1.00234    2.46122 -0.0404776
 0.0968816   -0.74419    0.18871  -0.976728    2.46343 -0.0406801
 0.0547635   -0.78366   0.139648  -0.951112    2.46564 -0.0408825
 0.0126455  -0.823129  0.0905856  -0.925496    2.46785 -0.0410849
-0.0294725  -0.862599  0.0415235  -0.899879    2.47006 -0.0412874
 -0.0715906   -0.902069 -0.00753859   -0.874263     2.47227  -0.0414898
 -0.113709  -0.941538 -0.0566007  -0.848646    2.47448 -0.0416922
 -0.155827  -0.981008  -0.105663   -0.82303    2.47669 -0.0418947
 -0.197945   -1.02048  -0.154725  -0.797414     2.4789 -0.0420971
 -0.240063   -1.05995  -0.203787  -0.771797    2.48111 -0.0422995
-0.282181  -1.09942 -0.252849 -0.746181   2.48332 -0.042502
 -0.324299   -1.13889  -0.301911  -0.720564    2.48552 -0.0427044
 -0.366417   -1.17836  -0.350973  -0.694948    2.48773 -0.0429068
 -0.408535   -1.21783  -0.400035  -0.669332    2.48994 -0.0431093
 -0.450653    -1.2573  -0.449097  -0.643715    2.49215 -0.0433117
 -0.492771   -1.29677   -0.49816  -0.618099    2.49436 -0.0435141
 -0.534889   -1.33624  -0.547222  -0.592482    2.49657 -0.0437166
-0.577007  -1.37571 -0.596284 -0.566866   2.49878 -0.043919
 -0.619125   -1.41517  -0.645346  -0.541249    2.50099 -0.0441214
 -0.661243   -1.45464  -0.694408  -0.515633     2.5032 -0.0443239
 -0.703361   -1.49411   -0.74347  -0.490017    2.50541 -0.0445263
 -0.745479   -1.53358  -0.792532    -0.4644    2.50762 -0.0447287
 -0.787597   -1.57305  -0.841594  -0.438784    2.50983 -0.0449312
 -0.829715   -1.61252  -0.890656  -0.413167    2.51204 -0.0451336
-0.871833  -1.65199 -0.939718 -0.387551   2.51425 -0.045336
 -0.913951   -1.69146  -0.988781  -0.361935    2.51646 -0.0455385
 -0.956069   -1.73093   -1.03784  -0.336318    2.51867 -0.0457409
 -0.998187    -1.7704    -1.0869  -0.310702    2.52088 -0.0459433
  -1.04031   -1.80987   -1.13597  -0.285085    2.52309 -0.0461458
  -1.08242   -1.84934   -1.18503  -0.259469     2.5253 -0.0463482
  -1.12454   -1.88881   -1.23409  -0.233853    2.52751 -0.0465506
  -1.16666   -1.92828   -1.28315  -0.208236    2.52972 -0.0467531
  -1.20878   -1.96775   -1.33222   -0.18262    2.53193 -0.0469555
   -1.2509   -2.00722   -1.38128  -0.157003    2.53414 -0.0471579
  -1.29301   -2.04669   -1.43034  -0.131387    2.53635 -0.0473604
  -1.33513   -2.08616    -1.4794  -0.105771    2.53856 -0.0475628
  -1.37725   -2.12563   -1.52846 -0.0801541    2.54077 -0.0477653
  -1.41937    -2.1651   -1.57753 -0.0545377    2.54298 -0.0479677
  -1.46149   -2.20457   -1.62659 -0.0289213    2.54519 -0.0481701
    -1.5036    -2.24404    -1.67565 -0.00330487      2.5474  -0.0483726
 -1.54572  -2.28351  -1.72471 0.0223115   2.54961 -0.048575
  -1.58784   -2.32298   -1.77377   0.047928    2.55182 -0.0487774
  -1.62996   -2.36245   -1.82284  0.0735444    2.55403 -0.0489799
  -1.67208   -2.40192    -1.8719  0.0991608    2.55624 -0.0491823
  -1.71419   -2.44139   -1.92096   0.124777    2.55845 -0.0493847
  -1.75631   -2.48086   -1.97002   0.150394    2.56065 -0.0495872
  -1.79843   -2.52033   -2.01908    0.17601    2.56286 -0.0497896
 -1.84055   -2.5598  -2.06815  0.201626   2.56507 -0.049992
  2.27811  0.218601  -1.03763  -1.71811  0.748016 -0.791364
  2.27795  0.197796  -1.06887  -1.74261   0.68358 -0.806826
  2.27778  0.176992   -1.1001  -1.76712  0.619144 -0.822288
 2.27762 0.156187 -1.13133 -1.79163 0.554708 -0.83775
  2.27745  0.135383  -1.16256  -1.81614  0.490272 -0.853212
  2.27729  0.114579  -1.19379  -1.84065  0.425837 -0.868674
  2.27713 0.0937742  -1.22502  -1.86516  0.361401 -0.884136
  2.27696 0.0729697  -1.25626  -1.88967  0.296965 -0.899599
   2.2768 0.0521653  -1.28749  -1.91417  0.232529 -0.915061
  2.27663 0.0313609  -1.31872  -1.93868  0.168093 -0.930523
  2.27647 0.0105564  -1.34995  -1.96319  0.103657 -0.945985
  2.27631 -0.010248  -1.38118   -1.9877 0.0392216 -0.961447
   2.27614 -0.0310524   -1.41241   -2.01221 -0.0252143  -0.976909
   2.27598 -0.0518569   -1.44365   -2.03672 -0.0896501  -0.992371
   2.27581 -0.0726613   -1.47488   -2.06123  -0.154086   -1.00783
   2.27565 -0.0934657   -1.50611   -2.08573  -0.218522    -1.0233
  2.27548  -0.11427  -1.53734  -2.11024 -0.282958  -1.03876
  2.27532 -0.135075  -1.56857  -2.13475 -0.347394  -1.05422
  2.27516 -0.155879  -1.59981  -2.15926 -0.411829  -1.06968
  2.27499 -0.176683  -1.63104  -2.18377 -0.476265  -1.08514
  2.27483 -0.197488  -1.66227  -2.20828 -0.540701  -1.10061
  2.27466 -0.218292   -1.6935  -2.23279 -0.605137  -1.11607
   2.2745 -0.239097  -1.72473  -2.25729 -0.669573  -1.13153
  2.27433 -0.259901  -1.75596   -2.2818 -0.734009  -1.14699
  2.27417 -0.280706   -1.7872  -2.30631 -0.798444  -1.16245
 2.27401 -0.30151 -1.81843 -2.33082 -0.86288 -1.17792
  2.27384 -0.322314  -1.84966  -2.35533 -0.927316  -1.19338
  2.27368 -0.343119  -1.88089  -2.37984 -0.991752  -1.20884
  2.27351 -0.363923  -1.91212  -2.40435  -1.05619   -1.2243
  2.27335 -0.384728  -1.94336  -2.42885  -1.12062  -1.23976
  2.27319 -0.405532  -1.97459  -2.45336  -1.18506  -1.25523
  2.27302 -0.426337  -2.00582  -2.47787   -1.2495  -1.27069
  2.27286 -0.447141  -2.03705  -2.50238  -1.31393  -1.28615
  2.27269 -0.467946  -2.06828  -2.52689  -1.37837  -1.30161
 2.27253 -0.48875 -2.09951  -2.5514  -1.4428 -1.31707
  2.27236 -0.509554  -2.13075  -2.57591  -1.50724  -1.33254
   2.2722 -0.530359  -2.16198  -2.60041  -1.57167    -1.348
  2.27204 -0.551163  -2.19321  -2.62492  -1.63611  -1.36346
    0.44631 -0.00943166    -0.60565     1.62896    -0.97809    0.688727
  0.444325 -0.0042759  -0.555329    1.66549   -1.02772   0.695032
    0.44234 0.000879852   -0.505007     1.70202    -1.07735    0.701337
  0.440354 0.00603561  -0.454686    1.73855   -1.12698   0.707642
 0.438369 0.0111914 -0.404365   1.77508  -1.17661  0.713947
 0.436384 0.0163471 -0.354043   1.81161  -1.22624  0.720252
 0.434399 0.0215029 -0.303722   1.84814  -1.27586  0.726557
 0.432414 0.0266586   -0.2534   1.88467  -1.32549  0.732861
 0.430428 0.0318144 -0.203079    1.9212  -1.37512  0.739166
 0.428443 0.0369701 -0.152758   1.95773  -1.42475  0.745471
 0.426458 0.0421259 -0.102436   1.99426  -1.47438  0.751776
  0.424473  0.0472817 -0.0521148    2.03079   -1.52401   0.758081
   0.422488   0.0524374 -0.00179342     2.06732    -1.57364    0.764386
 0.420503 0.0575932  0.048528   2.10385  -1.62327  0.770691
 0.418517 0.0627489 0.0988494   2.14038   -1.6729  0.776996
 0.416532 0.0679047  0.149171   2.17691  -1.72253    0.7833
 0.414547 0.0730604  0.199492   2.21344  -1.77215  0.789605
 0.412562 0.0782162  0.249814   2.24997  -1.82178   0.79591
 0.410577 0.0833719  0.300135    2.2865  -1.87141  0.802215
 0.408591 0.0885277  0.350456   2.32303  -1.92104   0.80852
 0.406606 0.0936834  0.400778   2.35956  -1.97067  0.814825
 0.404621 0.0988392  0.451099   2.39609   -2.0203   0.82113
0.402636 0.103995  0.50142  2.43262 -2.06993 0.827435
0.400651 0.109151 0.551742  2.46915 -2.11956 0.833739
0.398665 0.114306 0.602063  2.50568 -2.16919 0.840044
 0.39668 0.119462 0.652385  2.54221 -2.21882 0.846349
0.394695 0.124618 0.702706  2.57874 -2.26845 0.852654
 0.39271 0.129774 0.753027  2.61527 -2.31807 0.858959
0.390725 0.134929 0.803349   2.6518  -2.3677 0.865264
0.388739 0.140085  0.85367  2.68833 -2.41733 0.871569
0.386754 0.145241 0.903992  2.72486 -2.46696 0.877874
0.384769 0.150397 0.954313  2.76139 -2.51659 0.884179
0.382784 0.155553  1.00463  2.79792 -2.56622 0.890483
0.380799 0.160708  1.05496  2.83445 -2.61585 0.896788
0.378814 0.165864  1.10528  2.87098 -2.66548 0.903093
0.376828  0.17102   1.1556  2.90751 -2.71511 0.909398
0.374843 0.176176  1.20592  2.94404 -2.76474 0.915703
0.372858 0.181331  1.25624  2.98057 -2.81436 0.922008
0.370873 0.186487  1.30656   3.0171 -2.86399 0.928313
0.368888 0.191643  1.35688  3.05363 -2.91362 0.934618
0.366902 0.196799  1.40721  3.09016 -2.96325 0.940922
 0.914611 -0.187423  0.257903  -1.09768    1.8419 -0.243653
 0.941815 -0.209971  0.290098  -1.03389   1.83515 -0.244306
 0.969019 -0.232519  0.322293 -0.970102    1.8284  -0.24496
 0.996223 -0.255067  0.354488 -0.906313   1.82165 -0.245613
  1.02343 -0.277615  0.386683 -0.842524    1.8149 -0.246267
  1.05063 -0.300163  0.418878 -0.778735   1.80815  -0.24692
  1.07783 -0.322711  0.451073 -0.714946   1.80141 -0.247574
  1.10504 -0.345259  0.483268 -0.651157   1.79466 -0.248227
  1.13224 -0.367807  0.515463 -0.587368   1.78791 -0.248881
  1.15945 -0.390355  0.547658 -0.523579   1.78116 -0.249534
  1.18665 -0.412903  0.579853  -0.45979   1.77441 -0.250188
  1.21385 -0.435451  0.612047 -0.396001   1.76766 -0.250841
  1.24106 -0.457999  0.644242 -0.332212   1.76091 -0.251495
  1.26826 -0.480547  0.676437 -0.268423   1.75416 -0.252148
  1.29547 -0.503095  0.708632 -0.204634   1.74741 -0.252802
  1.32267 -0.525643  0.740827 -0.140845   1.74066 -0.253455
   1.34987  -0.548191   0.773022 -0.0770559    1.73391  -0.254109
   1.37708  -0.570739   0.805217 -0.0132669    1.72716  -0.254763
  1.40428 -0.593287  0.837412 0.0505221   1.72041 -0.255416
  1.43149 -0.615835  0.869607  0.114311   1.71366  -0.25607
  1.45869 -0.638383  0.901802    0.1781   1.70691 -0.256723
  1.48589 -0.660932  0.933997  0.241889   1.70016 -0.257377
  1.5131 -0.68348 0.966192 0.305678  1.69342 -0.25803
   1.5403 -0.706028  0.998387  0.369467   1.68667 -0.258684
   1.5675 -0.728576   1.03058  0.433256   1.67992 -0.259337
  1.59471 -0.751124   1.06278  0.497045   1.67317 -0.259991
  1.62191 -0.773672   1.09497  0.560834   1.66642 -0.260644
  1.64912  -0.79622   1.12717  0.624623   1.65967 -0.261298
  1.67632 -0.818768   1.15936  0.688412   1.65292 -0.261951
  1.70352 -0.841316   1.19156  0.752201   1.64617 -0.262605
  1.73073 -0.863864   1.22375   0.81599   1.63942 -0.263258
  1.75793 -0.886412   1.25595  0.879779   1.63267 -0.263912
  1.78514  -0.90896   1.28814  0.943568   1.62592 -0.264565
  1.81234 -0.931508   1.32034   1.00736   1.61917 -0.265219
  1.83954 -0.954056   1.35253   1.07115   1.61242 -0.265872
  1.86675 -0.976604   1.38473   1.13494   1.60567 -0.266526
  1.89395 -0.999152   1.41692   1.19872   1.59892 -0.267179
  1.92116   -1.0217   1.44912   1.26251   1.59217 -0.267833
  1.94836  -1.04425   1.48131    1.3263   1.58543 -0.268486
 1.97556  -1.0668  1.51351  1.39009  1.57868 -0.26914
  2.00277  -1.08934    1.5457   1.45388   1.57193 -0.269793
  2.02997  -1.11189    1.5779   1.51767   1.56518 -0.270447
 2.05718 -1.13444  1.61009  1.58146  1.55843  -0.2711
  2.08438  -1.15699   1.64229   1.64525   1.55168 -0.271754
  2.11158  -1.17954   1.67448   1.70904   1.54493 -0.272407
  2.13879  -1.20208   1.70668   1.77283   1.53818 -0.273061
  2.16599  -1.22463   1.73887   1.83661   1.53143 -0.273715
  2.19319  -1.24718   1.77106    1.9004   1.52468 -0.274368
   2.2204  -1.26973   1.80326   1.96419   1.51793 -0.275022
   2.2476  -1.29228   1.83545   2.02798   1.51118 -0.275675
-0.448798 -0.688315   1.43194   2.39796    -1.122  -2.35619
-0.472228 -0.735905   1.45758   2.40545  -1.06843  -2.35819
-0.495657 -0.783494   1.48321   2.41293  -1.01487  -2.36018
-0.420545 -0.664301   1.42063   2.33497  -1.12825  -2.32635
-0.404762 -0.647059   1.42024   2.35002   -1.1649   -2.2609
-0.388979 -0.629817   1.41985   2.36506  -1.20155  -2.19545
-0.340487 -0.641791   1.42712   2.35796  -1.15119  -2.15987
-0.291995 -0.653764   1.43439   2.35086  -1.10083  -2.12429
-0.243504 -0.665738   1.44166   2.34376  -1.05048   -2.0887
-0.195012 -0.677711   1.44893   2.33666  -1.00012  -2.05312
-0.146521 -0.689685    1.4562   2.32956 -0.949761  -2.01754
-0.0980289 -0.701658   1.46347   2.32246 -0.899404  -1.98196
-0.0495373 -0.713632   1.47074   2.31536 -0.849047  -1.94638
-0.00104565 -0.725605   1.47801   2.30826  -0.79869  -1.91079
 0.047446 -0.737579   1.48528   2.30116 -0.748333  -1.87521
0.0959376 -0.749552   1.49255   2.29406 -0.697976  -1.83963
 0.144429 -0.761526   1.49982   2.28696 -0.647618  -1.80405
 0.192921 -0.773499   1.50709   2.27986 -0.597261  -1.76846
 0.241412 -0.785473   1.51436   2.27276 -0.546904  -1.73288
 0.289904 -0.797446   1.52163   2.26566 -0.496547   -1.6973
0.338396 -0.80942   1.5289  2.25856 -0.44619 -1.66172
 0.386887 -0.821393   1.53617   2.25146 -0.395833  -1.62614
 0.435379 -0.833367   1.54344   2.24436 -0.345476  -1.59055
 0.483871  -0.84534   1.55071   2.23726 -0.295118  -1.55497
 0.532362 -0.857314   1.55798   2.23016 -0.244761  -1.51939
 0.580854 -0.869287   1.56525   2.22306 -0.194404  -1.48381
 0.629345 -0.881261   1.57252   2.21596 -0.144047  -1.44823
  0.677837  -0.893235    1.57979    2.20886 -0.0936898   -1.41264
  0.726329  -0.905208    1.58706    2.20176 -0.0433326   -1.37706
   0.77482  -0.917182    1.59433    2.19466 0.00702454   -1.34148
 0.823312 -0.929155    1.6016   2.18756 0.0573817   -1.3059
 0.871804 -0.941129   1.60887   2.18046  0.107739  -1.27031
 0.920295 -0.953102   1.61614   2.17336  0.158096  -1.23473
 0.968787 -0.965076   1.62341   2.16626  0.208453  -1.19915
  1.01728 -0.977049   1.63068   2.15916   0.25881  -1.16357
  1.06577 -0.989023   1.63795   2.15206  0.309167  -1.12799
 1.11426   -1.001  1.64523  2.14496 0.359525  -1.0924
 1.16275 -1.01297   1.6525  2.13786 0.409882 -1.05682
 1.21124 -1.02494  1.65977  2.13076 0.460239 -1.02124
  1.25974  -1.03692   1.66704   2.12366  0.510596 -0.985658
  1.30823  -1.04889   1.67431   2.11656  0.560953 -0.950076
  1.35672  -1.06086   1.68158   2.10946   0.61131 -0.914493
  1.40521  -1.07284   1.68885   2.10236  0.661668 -0.878911
   1.4537  -1.08481   1.69612   2.09526  0.712025 -0.843329
  1.50219  -1.09678   1.70339   2.08816  0.762382 -0.807747
  1.55069  -1.10876   1.71066   2.08106  0.812739 -0.772165
  1.59918  -1.12073   1.71793   2.07396  0.863096 -0.736583
  1.64767   -1.1327    1.7252   2.06686  0.913453 -0.701001
  1.69616  -1.14468   1.73247   2.05976  0.963811 -0.665419
  1.74465  -1.15665   1.73974   2.05266   1.01417 -0.629836
  1.79314  -1.16863   1.74701   2.04556   1.06452 -0.594254
  1.84164   -1.1806   1.75428   2.03846   1.11488 -0.558672
 1.89013 -1.19257  1.76155  2.03136  1.16524 -0.52309
  1.93862  -1.20455   1.76882   2.02426    1.2156 -0.487508
  1.98711  -1.21652   1.77609   2.01716   1.26595 -0.451926
   2.0356  -1.22849   1.78336   2.01006   1.31631 -0.416344
  2.08409  -1.24047   1.79063   2.00296   1.36667 -0.380761
  2.13259  -1.25244    1.7979   1.99586   1.41702 -0.345179
  2.18108  -1.26441   1.80517   1.98876   1.46738 -0.309597
  2.22957  -1.27639   1.81244   1.98166   1.51774 -0.274015
