-1.69642 -1.51015  2.20146  2.45029 0.125621  -2.3562
 -1.64874  -1.47875   2.17206   2.44829 0.0779487   -2.3562
 -1.60107  -1.44735   2.14265   2.44629 0.0302764   -2.3562
   -1.5534   -1.41594    2.11325    2.44429 -0.0173959    -2.3562
  -1.50573   -1.38454    2.08385    2.44229 -0.0650681    -2.3562
-1.45806 -1.35314  2.05444  2.44029 -0.11274  -2.3562
 -1.41038  -1.32173   2.02504   2.43829 -0.160413   -2.3562
 -1.36271  -1.29033   1.99563   2.43629 -0.208085   -2.3562
 -1.31504  -1.25893   1.96623   2.43429 -0.255757   -2.3562
 -1.26737  -1.22753   1.93683    2.4323 -0.303429   -2.3562
 -1.21969  -1.19612   1.90742    2.4303 -0.351102   -2.3562
 -1.17202  -1.16472   1.87802    2.4283 -0.398774   -2.3562
 -1.12435  -1.13332   1.84862    2.4263 -0.446446   -2.3562
 -1.07668  -1.10191   1.81921    2.4243 -0.494118   -2.3562
 -1.02901  -1.07051   1.78981    2.4223 -0.541791   -2.3562
-0.981333  -1.03911   1.76041    2.4203 -0.589463   -2.3562
-0.933661  -1.00771     1.731    2.4183 -0.637135   -2.3562
-0.885989 -0.976303    1.7016    2.4163 -0.684807   -2.3562
-0.838317  -0.9449  1.67219   2.4143 -0.73248  -2.3562
-0.790644 -0.913497   1.64279    2.4123 -0.780152   -2.3562
-0.742972 -0.882094   1.61339    2.4103 -0.827824  -2.35619
 -1.27715  -1.19436   1.91667   2.37987 -0.276651  -2.31969
 -1.28694   -1.1612   1.89652   2.32745 -0.249873  -2.28318
 -1.29673  -1.12804   1.87637   2.27502 -0.223095  -2.24667
-0.828615 -1.00309  1.70696  2.41835 -0.64757 -2.32503
-0.743228 -0.883848   1.57984   2.33896 -0.840551  -2.35168
-0.743484 -0.885601   1.54629   2.26763 -0.853278  -2.34717
-0.743741 -0.887354   1.51274   2.19629 -0.866005  -2.34266
-0.743997 -0.889107    1.4792   2.12495 -0.878732  -2.33815
-0.791132  -1.02672   1.66639   2.43479 -0.598503  -2.31443
-0.753649  -1.05034   1.62581   2.45123 -0.549435  -2.30382
-0.716166  -1.07397   1.58523   2.46767 -0.500368  -2.29322
-0.678682   -1.0976   1.54466    2.4841 -0.451301  -2.28261
 -1.24718  -1.09917   1.90652   2.28255 -0.176775  -2.24726
 -1.19764  -1.07029   1.93666   2.29009 -0.130455  -2.24785
  -1.14809   -1.04142    1.96681    2.29762 -0.0841352   -2.24843
  -1.09854   -1.01255    1.99696    2.30516 -0.0378152   -2.24902
    -1.049  -0.983674    2.02711    2.31269 0.00850484   -2.24961
 -0.99945 -0.954801   2.05725   2.32022 0.0548248   -2.2502
-0.949904 -0.925928    2.0874   2.32776  0.101145  -2.25078
-0.900358 -0.897055   2.11755   2.33529  0.147465  -2.25137
-0.850812 -0.868182    2.1477   2.34283  0.193785  -2.25196
-0.801265 -0.839309   2.17784   2.35036  0.240105  -2.25254
-0.751719 -0.810436   2.20799    2.3579  0.286425  -2.25313
-0.702173 -0.781563   2.23814   2.36543  0.332745  -2.25372
-0.652627 -0.75269  2.26829  2.37296 0.379065 -2.25431
-0.603081 -0.723817   2.29843    2.3805  0.425385  -2.25489
-0.553534 -0.694944   2.32858   2.38803  0.471705  -2.25548
-0.503988 -0.666071   2.35873   2.39557  0.518025  -2.25607
-0.454442 -0.637198   2.38888    2.4031  0.564345  -2.25666
-0.404896 -0.608325   2.41902   2.41063  0.610665  -2.25724
-0.355349 -0.579452   2.44917   2.41817  0.656985  -2.25783
-0.305803 -0.550579   2.47932    2.4257  0.703305  -2.25842
-0.448798 -0.688315   1.43194   2.39796    -1.122  -2.35619
-0.497438 -0.713539   1.45744   2.39091  -1.07043  -2.34991
-0.541576 -0.744968   1.46133    2.3433  -1.03612  -2.34781
-0.556842 -0.784233   1.47061   2.35898 -0.970997  -2.34055
-0.572109 -0.823499   1.47989   2.37466 -0.905878  -2.33329
-0.561172 -0.812249   1.52123   2.37676 -0.839313  -2.33019
-0.550235 -0.800999   1.56257   2.37886 -0.772748  -2.32708
-0.539298 -0.789749   1.60391   2.38096 -0.706184  -2.32398
-0.528361 -0.778499   1.64525   2.38306 -0.639619  -2.32088
-0.517425 -0.767249   1.68659   2.38516 -0.573055  -2.31778
-0.506488   -0.756  1.72792  2.38726 -0.50649 -2.31467
-0.495551  -0.74475   1.76926   2.38936 -0.439925  -2.31157
-0.484614   -0.7335    1.8106   2.39146 -0.373361  -2.30847
-0.473677  -0.72225   1.85194   2.39356 -0.306796  -2.30537
 -0.46274    -0.711   1.89328   2.39566 -0.240231  -2.30227
-0.451803  -0.69975   1.93462   2.39776 -0.173667  -2.29916
-0.440866 -0.688501   1.97596   2.39986 -0.107102  -2.29606
 -0.429929  -0.677251     2.0173    2.40196 -0.0405376   -2.29296
-0.418992 -0.666001   2.05864   2.40406  0.026027  -2.28986
-0.408055 -0.654751   2.09998   2.40616 0.0925916  -2.28675
-0.397118 -0.643501   2.14132   2.40826  0.159156  -2.28365
-0.386181 -0.632251   2.18266   2.41036  0.225721  -2.28055
-0.375244 -0.621002     2.224   2.41246  0.292286  -2.27745
-0.364307 -0.609752   2.26534   2.41456   0.35885  -2.27435
 -0.35337 -0.598502   2.30668   2.41666  0.425415  -2.27124
-0.342433 -0.587252   2.34802   2.41876  0.491979  -2.26814
-0.331496 -0.576002   2.38935   2.42086  0.558544  -2.26504
-0.320559 -0.564752   2.43069   2.42296  0.625109  -2.26194
-0.309622 -0.553503   2.47203   2.42506  0.691673  -2.25883
-0.298685 -0.542253   2.51337   2.42716  0.758238  -2.25573
